requests         : 100
successes        : 100
total_time       : 2.753389 s
average_time     : 0.027534 s
qps              : 36.32
min              : 0.0262
max              : 0.0506
avg              : 0.0275
std              : 0.0024
