requests         : 20
successes        : 15529
total_time       : 61.586384 s
average_time     : 3.079319 s
qps              : 252.15
min              : 0.0158
max              : 0.1285
avg              : 0.0396
std              : 0.0050
