requests         : 20
successes        : 0
total_time       : 19.998347 s
average_time     : 0.999917 s
qps              : 0.00
min              : 0.0000
max              : 0.0000
avg              : 0.0000
std              : 0.0000
