requests         : 20
successes        : 15198
total_time       : 60.136579 s
average_time     : 3.006829 s
qps              : 252.72
min              : 0.0175
max              : 0.1195
avg              : 0.0395
std              : 0.0050
