requests         : 10
successes        : 481
total_time       : 12.108359 s
average_time     : 1.210836 s
qps              : 39.72
min              : 0.0502
max              : 0.2544
avg              : 0.2422
std              : 0.0323
