index,sending_time,recv_time,inference_time
0,1744146110.8169577,1744146110.862385,0.04542732238769531
1,1744146110.818801,1744146110.8611732,0.04237222671508789
2,1744146110.8203962,1744146110.8594573,0.03906106948852539
3,1744146110.8220513,1744146110.8617516,0.03970026969909668
4,1744146110.8236501,1744146110.8667858,0.043135643005371094
5,1744146110.8252878,1744146110.8685994,0.04331159591674805
6,1744146110.826922,1744146110.8697252,0.042803287506103516
7,1744146110.8285556,1744146110.8685656,0.04000997543334961
8,1744146110.8301668,1744146110.869198,0.039031267166137695
9,1744146110.8317578,1744146110.8734457,0.041687965393066406
10,1744146110.859495,1744146110.8955088,0.03601384162902832
11,1744146110.8612006,1744146110.8929083,0.031707763671875
12,1744146110.8617852,1744146110.9018543,0.0400691032409668
13,1744146110.862428,1744146110.910325,0.0478971004486084
14,1744146110.8668206,1744146110.9047117,0.03789114952087402
15,1744146110.8686182,1744146110.9067566,0.038138389587402344
16,1744146110.8686953,1744146110.9059699,0.03727459907531738
17,1744146110.869231,1744146110.9161766,0.04694557189941406
18,1744146110.869759,1744146110.9117894,0.04203033447265625
19,1744146110.873477,1744146110.921071,0.04759407043457031
20,1744146110.8929412,1744146110.9314015,0.03846025466918945
21,1744146110.895614,1744146110.9349902,0.039376258850097656
22,1744146110.9018984,1744146110.9407141,0.03881573677062988
23,1744146110.9047756,1744146110.9422638,0.03748822212219238
24,1744146110.9060152,1744146110.9481575,0.042142391204833984
25,1744146110.906779,1744146110.9486804,0.041901350021362305
26,1744146110.9103527,1744146110.9528463,0.042493581771850586
27,1744146110.9118328,1744146110.9450681,0.03323531150817871
28,1744146110.9162042,1744146110.95876,0.042555809020996094
29,1744146110.9211178,1744146110.9636655,0.04254770278930664
30,1744146110.9314322,1744146110.9747348,0.04330253601074219
31,1744146110.9350176,1744146110.9807732,0.045755624771118164
32,1744146110.9407463,1744146110.9817915,0.041045188903808594
33,1744146110.9422934,1744146110.9794514,0.03715801239013672
34,1744146110.945102,1744146110.9855394,0.04043745994567871
35,1744146110.9481928,1744146110.9834535,0.035260677337646484
36,1744146110.9487555,1744146110.9907126,0.04195713996887207
37,1744146110.9528804,1744146110.9877322,0.034851789474487305
38,1744146110.9587967,1744146110.9956603,0.03686356544494629
39,1744146110.963708,1744146111.0050497,0.04134178161621094
40,1744146110.9747682,1744146111.011186,0.03641772270202637
41,1744146110.9794824,1744146111.0163114,0.03682899475097656
42,1744146110.9808025,1744146111.024556,0.04375338554382324
43,1744146110.9818223,1744146111.0219443,0.040122032165527344
44,1744146110.9834838,1744146111.0202243,0.03674054145812988
45,1744146110.9855864,1744146111.0330446,0.04745817184448242
46,1744146110.9877598,1744146111.0380244,0.050264596939086914
47,1744146110.9907553,1744146111.029515,0.038759708404541016
48,1744146110.9957051,1744146111.0312696,0.035564422607421875
49,1744146111.0050797,1744146111.0470257,0.0419459342956543
50,1744146111.0112147,1744146111.0557072,0.044492483139038086
51,1744146111.0163383,1744146111.0515358,0.03519749641418457
52,1744146111.020252,1744146111.054987,0.03473496437072754
53,1744146111.0219707,1744146111.0568218,0.03485107421875
54,1744146111.0245798,1744146111.0638475,0.039267778396606445
55,1744146111.029541,1744146111.0650656,0.035524606704711914
56,1744146111.0312974,1744146111.0761096,0.04481220245361328
57,1744146111.0330696,1744146111.0766563,0.04358673095703125
58,1744146111.0380638,1744146111.080224,0.0421602725982666
59,1744146111.047063,1744146111.0882978,0.041234731674194336
60,1744146111.0515673,1744146111.095499,0.04393172264099121
61,1744146111.055023,1744146111.0971498,0.04212689399719238
62,1744146111.055737,1744146111.0962017,0.04046463966369629
63,1744146111.0568566,1744146111.0958636,0.039006948471069336
64,1744146111.0638905,1744146111.0980473,0.03415679931640625
65,1744146111.0651155,1744146111.103023,0.03790760040283203
66,1744146111.0761445,1744146111.1096158,0.03347134590148926
67,1744146111.0766883,1744146111.1182463,0.041558027267456055
68,1744146111.0802596,1744146111.1146028,0.03434324264526367
69,1744146111.08833,1744146111.1257215,0.03739142417907715
70,1744146111.0955486,1744146111.1435914,0.04804277420043945
71,1744146111.095901,1744146111.1373062,0.04140520095825195
72,1744146111.0962317,1744146111.1403873,0.04415559768676758
73,1744146111.0971804,1744146111.140278,0.043097734451293945
74,1744146111.0980825,1744146111.1388857,0.04080319404602051
75,1744146111.1030533,1744146111.1424868,0.03943347930908203
76,1744146111.1097405,1744146111.145353,0.03561258316040039
77,1744146111.1146834,1744146111.1463845,0.031701087951660156
78,1744146111.1183174,1744146111.147462,0.0291445255279541
79,1744146111.125794,1744146111.1523843,0.026590347290039062
80,1744146111.1374166,1744146111.1660247,0.028608083724975586
81,1744146111.1389778,1744146111.175722,0.036744117736816406
82,1744146111.1404984,1744146111.1738956,0.03339719772338867
83,1744146111.1407475,1744146111.2115018,0.0707542896270752
84,1744146111.1426256,1744146111.2115996,0.06897401809692383
85,1744146111.1438527,1744146111.2116709,0.06781816482543945
86,1744146111.1455145,1744146111.211806,0.06629157066345215
87,1744146111.1464965,1744146111.2117429,0.0652463436126709
88,1744146111.1475563,1744146111.2118695,0.06431317329406738
89,1744146111.1524832,1744146111.2119331,0.05944991111755371
90,1744146111.1661425,1744146111.2119963,0.04585385322570801
91,1744146111.1740122,1744146111.212061,0.038048744201660156
92,1744146111.1758304,1744146111.2121243,0.036293983459472656
93,1744146111.2122297,1744146111.2461646,0.033934831619262695
94,1744146111.2124214,1744146111.2550035,0.042582035064697266
95,1744146111.2125762,1744146111.2536545,0.04107832908630371
96,1744146111.212716,1744146111.2630153,0.05029916763305664
97,1744146111.2128441,1744146111.256407,0.043562889099121094
98,1744146111.2129755,1744146111.2637079,0.05073237419128418
99,1744146111.2131045,1744146111.270866,0.057761430740356445
100,1744146111.213227,1744146111.2658074,0.05258035659790039
101,1744146111.213352,1744146111.2663822,0.05303025245666504
102,1744146111.2134778,1744146111.2751048,0.06162691116333008
103,1744146111.2462287,1744146111.2840788,0.037850141525268555
104,1744146111.2537322,1744146111.2982013,0.04446911811828613
105,1744146111.2550602,1744146111.2981105,0.043050289154052734
106,1744146111.2564576,1744146111.2981672,0.04170966148376465
107,1744146111.2630813,1744146111.3004413,0.03735995292663574
108,1744146111.2637548,1744146111.303178,0.039423227310180664
109,1744146111.2658675,1744146111.3035712,0.037703752517700195
110,1744146111.266433,1744146111.3009894,0.03455638885498047
111,1744146111.2709215,1744146111.303929,0.03300762176513672
112,1744146111.275164,1744146111.3043814,0.02921748161315918
113,1744146111.2841225,1744146111.3069932,0.022870779037475586
114,1744146111.298238,1744146111.3283381,0.030100107192993164
115,1744146111.2983527,1744146111.3336253,0.03527259826660156
116,1744146111.2984169,1744146111.335714,0.03729724884033203
117,1744146111.3004963,1744146111.3457353,0.04523897171020508
118,1744146111.3010244,1744146111.3457685,0.044744014739990234
119,1744146111.303232,1744146111.354297,0.05106496810913086
120,1744146111.303626,1744146111.3558862,0.05226016044616699
121,1744146111.3039682,1744146111.3546684,0.05070018768310547
122,1744146111.304415,1744146111.3489916,0.04457664489746094
123,1744146111.3070643,1744146111.356289,0.0492246150970459
124,1744146111.328389,1744146111.3672795,0.03889060020446777
125,1744146111.3336658,1744146111.3752818,0.041615962982177734
126,1744146111.3357491,1744146111.3792872,0.04353809356689453
127,1744146111.3457994,1744146111.3844802,0.0386807918548584
128,1744146111.3459172,1744146111.3800597,0.034142494201660156
129,1744146111.3490283,1744146111.3917985,0.0427701473236084
130,1744146111.3543692,1744146111.3964872,0.042118072509765625
131,1744146111.3547146,1744146111.394586,0.0398714542388916
132,1744146111.3559296,1744146111.398859,0.04292941093444824
133,1744146111.356325,1744146111.403442,0.047116994857788086
134,1744146111.3673182,1744146111.4018533,0.03453516960144043
135,1744146111.3753188,1744146111.4151216,0.03980278968811035
136,1744146111.3793228,1744146111.4181259,0.0388031005859375
137,1744146111.380093,1744146111.42029,0.040196895599365234
138,1744146111.3845172,1744146111.419921,0.03540372848510742
139,1744146111.3918257,1744146111.4343827,0.0425570011138916
140,1744146111.3946314,1744146111.428991,0.03435969352722168
141,1744146111.396533,1744146111.4399438,0.0434107780456543
142,1744146111.3988955,1744146111.4381273,0.03923177719116211
143,1744146111.4018924,1744146111.4334602,0.03156781196594238
144,1744146111.4034786,1744146111.4370327,0.0335540771484375
145,1744146111.4151556,1744146111.4542813,0.039125680923461914
146,1744146111.418154,1744146111.455765,0.03761100769042969
147,1744146111.419948,1744146111.4563942,0.03644609451293945
148,1744146111.420317,1744146111.4606981,0.04038119316101074
149,1744146111.4290187,1744146111.4697154,0.04069662094116211
150,1744146111.4334884,1744146111.4637187,0.030230283737182617
151,1744146111.4344091,1744146111.4773622,0.0429530143737793
152,1744146111.4370596,1744146111.4760394,0.03897976875305176
153,1744146111.4381573,1744146111.4776595,0.03950214385986328
154,1744146111.4399734,1744146111.4799025,0.03992915153503418
155,1744146111.4543107,1744146111.4914987,0.037188053131103516
156,1744146111.4557915,1744146111.491834,0.03604245185852051
157,1744146111.4564211,1744146111.4954138,0.03899264335632324
158,1744146111.4607253,1744146111.490751,0.030025720596313477
159,1744146111.463746,1744146111.5017016,0.037955522537231445
160,1744146111.4697745,1744146111.4995658,0.02979135513305664
161,1744146111.4760718,1744146111.5128858,0.036813974380493164
162,1744146111.4773953,1744146111.5179653,0.04057002067565918
163,1744146111.477703,1744146111.5182889,0.04058575630187988
164,1744146111.479933,1744146111.515368,0.03543496131896973
165,1744146111.490782,1744146111.5240283,0.03324627876281738
166,1744146111.4915328,1744146111.5309753,0.03944253921508789
167,1744146111.4918656,1744146111.5363894,0.04452371597290039
168,1744146111.495449,1744146111.5405111,0.04506206512451172
169,1744146111.499595,1744146111.5390098,0.03941488265991211
170,1744146111.5017292,1744146111.543891,0.04216170310974121
171,1744146111.512915,1744146111.5555143,0.04259943962097168
172,1744146111.5154035,1744146111.5528917,0.03748822212219238
173,1744146111.5179987,1744146111.5606012,0.0426025390625
174,1744146111.5183196,1744146111.5621128,0.0437932014465332
175,1744146111.5240552,1744146111.5592902,0.035234928131103516
176,1744146111.5310025,1744146111.5718868,0.04088425636291504
177,1744146111.536417,1744146111.5771008,0.040683746337890625
178,1744146111.5390446,1744146111.5797808,0.04073619842529297
179,1744146111.5405405,1744146111.5837214,0.04318094253540039
180,1744146111.543918,1744146111.5827456,0.03882765769958496
181,1744146111.5529196,1744146111.5885825,0.03566288948059082
182,1744146111.555541,1744146111.5957935,0.0402524471282959
183,1744146111.5593176,1744146111.5983841,0.03906655311584473
184,1744146111.5606315,1744146111.6033647,0.042733192443847656
185,1744146111.5621378,1744146111.6081388,0.04600095748901367
186,1744146111.5719163,1744146111.607798,0.035881757736206055
187,1744146111.5771291,1744146111.61959,0.04246091842651367
188,1744146111.5798078,1744146111.6214204,0.04161262512207031
189,1744146111.5827737,1744146111.6182861,0.035512447357177734
190,1744146111.583752,1744146111.6275034,0.04375147819519043
191,1744146111.5886095,1744146111.6224349,0.03382539749145508
192,1744146111.5958197,1744146111.6355906,0.03977084159851074
193,1744146111.5984142,1744146111.6328595,0.03444528579711914
194,1744146111.6033933,1744146111.645623,0.042229652404785156
195,1744146111.6078262,1744146111.6459627,0.03813648223876953
196,1744146111.6081789,1744146111.6515458,0.04336690902709961
197,1744146111.6183145,1744146111.6566477,0.03833317756652832
198,1744146111.6196282,1744146111.65453,0.03490185737609863
199,1744146111.621448,1744146111.6613443,0.039896249771118164
200,1744146111.6224656,1744146111.6643302,0.041864633560180664
201,1744146111.6275308,1744146111.6690106,0.04147982597351074
202,1744146111.6328864,1744146111.6736884,0.040802001953125
203,1744146111.6356173,1744146111.670779,0.035161733627319336
204,1744146111.6456532,1744146111.688297,0.04264378547668457
205,1744146111.6459906,1744146111.6903174,0.0443267822265625
206,1744146111.6515744,1744146111.689075,0.037500619888305664
207,1744146111.6545572,1744146111.6923876,0.037830352783203125
208,1744146111.656677,1744146111.6935441,0.03686714172363281
209,1744146111.6613731,1744146111.6957278,0.03435468673706055
210,1744146111.664366,1744146111.697198,0.03283190727233887
211,1744146111.6690412,1744146111.7038085,0.03476738929748535
212,1744146111.6708076,1744146111.7055025,0.03469491004943848
213,1744146111.6737173,1744146111.7021248,0.028407573699951172
214,1744146111.6883287,1744146111.7259912,0.037662506103515625
215,1744146111.6891015,1744146111.7316117,0.042510271072387695
216,1744146111.690347,1744146111.7309816,0.0406346321105957
217,1744146111.6924145,1744146111.7335775,0.041162967681884766
218,1744146111.6935742,1744146111.7356246,0.04205036163330078
219,1744146111.6957552,1744146111.7406073,0.04485201835632324
220,1744146111.6972249,1744146111.7378645,0.040639638900756836
221,1744146111.7021523,1744146111.7472591,0.04510688781738281
222,1744146111.7038355,1744146111.7512782,0.04744267463684082
223,1744146111.7055295,1744146111.744859,0.03932952880859375
224,1744146111.7260265,1744146111.768744,0.04271745681762695
225,1744146111.7310128,1744146111.7713618,0.04034900665283203
226,1744146111.7316425,1744146111.7713337,0.03969120979309082
227,1744146111.7336051,1744146111.7701817,0.03657650947570801
228,1744146111.7356527,1744146111.7742832,0.03863048553466797
229,1744146111.7378936,1744146111.7737904,0.03589677810668945
230,1744146111.7406325,1744146111.7759418,0.0353093147277832
231,1744146111.7448986,1744146111.7773988,0.032500267028808594
232,1744146111.7473009,1744146111.7782538,0.030952930450439453
233,1744146111.751321,1744146111.7808716,0.029550552368164062
234,1744146111.7687876,1744146111.8115819,0.042794227600097656
235,1744146111.770232,1744146111.8049362,0.03470420837402344
236,1744146111.7713864,1744146111.8068314,0.03544497489929199
237,1744146111.7714436,1744146111.8143313,0.04288768768310547
238,1744146111.7738314,1744146111.8102763,0.036444902420043945
239,1744146111.7743099,1744146111.8156686,0.04135870933532715
240,1744146111.7759771,1744146111.8219094,0.04593229293823242
241,1744146111.777433,1744146111.827957,0.050523996353149414
242,1744146111.7782843,1744146111.833316,0.055031776428222656
243,1744146111.7809024,1744146111.8229506,0.04204821586608887
244,1744146111.8049874,1744146111.8514955,0.046508073806762695
245,1744146111.806887,1744146111.8472276,0.04034066200256348
246,1744146111.8103085,1744146111.849252,0.03894352912902832
247,1744146111.811618,1744146111.8532891,0.041671037673950195
248,1744146111.8143792,1744146111.854476,0.04009675979614258
249,1744146111.8157012,1744146111.8564184,0.040717124938964844
250,1744146111.821958,1744146111.8668346,0.0448765754699707
251,1744146111.8229797,1744146111.8629732,0.0399935245513916
252,1744146111.8280056,1744146111.8719368,0.04393124580383301
253,1744146111.8333547,1744146111.875218,0.041863203048706055
254,1744146111.8472698,1744146111.886195,0.0389251708984375
255,1744146111.849283,1744146111.888291,0.03900790214538574
256,1744146111.8515232,1744146111.890487,0.03896379470825195
257,1744146111.8533149,1744146111.8922176,0.03890275955200195
258,1744146111.8545215,1744146111.8936462,0.03912472724914551
259,1744146111.856446,1744146111.8966959,0.04024982452392578
260,1744146111.863007,1744146111.904951,0.041944026947021484
261,1744146111.866862,1744146111.9098685,0.04300642013549805
262,1744146111.8719668,1744146111.9058268,0.033859968185424805
263,1744146111.8752441,1744146111.9159236,0.0406794548034668
264,1744146111.886227,1744146111.9221303,0.0359034538269043
265,1744146111.8883185,1744146111.9323695,0.04405093193054199
266,1744146111.8905141,1744146111.931364,0.040849924087524414
267,1744146111.8922455,1744146111.9314024,0.03915691375732422
268,1744146111.8936827,1744146111.9319854,0.03830265998840332
269,1744146111.896723,1744146111.9309824,0.03425931930541992
270,1744146111.9049802,1744146111.937574,0.032593727111816406
271,1744146111.905859,1744146111.9379122,0.032053232192993164
272,1744146111.9099,1744146111.938676,0.028776168823242188
273,1744146111.9159603,1744146111.9404516,0.024491310119628906
274,1744146111.9221861,1744146111.9451678,0.022981643676757812
275,1744146111.9310508,1744146111.9626732,0.03162240982055664
276,1744146111.93143,1744146111.9726162,0.04118609428405762
277,1744146111.931504,1744146111.9764273,0.04492330551147461
278,1744146111.9320195,1744146111.9837866,0.05176711082458496
279,1744146111.9324064,1744146111.9796438,0.047237396240234375
280,1744146111.93762,1744146111.978821,0.041201114654541016
281,1744146111.9379456,1744146111.9832697,0.045324087142944336
282,1744146111.93871,1744146111.9862556,0.047545671463012695
283,1744146111.940479,1744146111.9906974,0.05021834373474121
284,1744146111.9452026,1744146111.9879677,0.042765140533447266
285,1744146111.9627407,1744146111.9996796,0.03693890571594238
286,1744146111.9726517,1744146112.0094898,0.03683805465698242
287,1744146111.9764643,1744146112.017185,0.04072070121765137
288,1744146111.9788554,1744146112.0159385,0.03708314895629883
289,1744146111.979673,1744146112.0166016,0.036928653717041016
290,1744146111.9833064,1744146112.0265656,0.0432591438293457
291,1744146111.9838176,1744146112.0214431,0.03762555122375488
292,1744146111.9862952,1744146112.0250237,0.03872847557067871
293,1744146111.9879968,1744146112.0270889,0.039092063903808594
294,1744146111.9907289,1744146112.030114,0.039385080337524414
295,1744146111.9997122,1744146112.0421278,0.042415618896484375
296,1744146112.0095196,1744146112.0473216,0.03780198097229004
297,1744146112.015966,1744146112.0605206,0.044554710388183594
298,1744146112.016631,1744146112.053995,0.03736400604248047
299,1744146112.0172112,1744146112.0553565,0.03814530372619629
300,1744146112.021472,1744146112.060928,0.03945612907409668
301,1744146112.0250785,1744146112.0609803,0.035901784896850586
302,1744146112.0265925,1744146112.0629768,0.03638434410095215
303,1744146112.0271156,1744146112.06196,0.034844398498535156
304,1744146112.0301437,1744146112.0626605,0.0325167179107666
305,1744146112.042162,1744146112.0718071,0.029645204544067383
306,1744146112.0473487,1744146112.0806434,0.033294677734375
307,1744146112.0540235,1744146112.0873446,0.03332114219665527
308,1744146112.0553875,1744146112.0940678,0.038680315017700195
309,1744146112.0606017,1744146112.1014519,0.040850162506103516
310,1744146112.0610225,1744146112.09655,0.03552746772766113
311,1744146112.0610912,1744146112.1103728,0.04928159713745117
312,1744146112.0619838,1744146112.1094232,0.0474393367767334
313,1744146112.0626974,1744146112.1038756,0.041178226470947266
314,1744146112.0630023,1744146112.108973,0.04597067832946777
315,1744146112.0718365,1744146112.1114876,0.03965115547180176
316,1744146112.0806723,1744146112.120398,0.03972578048706055
317,1744146112.0873735,1744146112.118177,0.030803442001342773
318,1744146112.0941002,1744146112.1363444,0.04224419593811035
319,1744146112.096583,1744146112.1354494,0.038866519927978516
320,1744146112.101488,1744146112.137949,0.03646087646484375
321,1744146112.1039083,1744146112.1419096,0.038001298904418945
322,1744146112.1090188,1744146112.153202,0.04418325424194336
323,1744146112.109453,1744146112.1564147,0.04696178436279297
324,1744146112.1104167,1744146112.1505527,0.040136098861694336
325,1744146112.1115303,1744146112.1478732,0.03634285926818848
326,1744146112.1182094,1744146112.1590748,0.040865421295166016
327,1744146112.12043,1744146112.1569903,0.0365602970123291
328,1744146112.135482,1744146112.1741967,0.03871464729309082
329,1744146112.1363733,1744146112.1810565,0.044683218002319336
330,1744146112.1379807,1744146112.1800163,0.042035579681396484
331,1744146112.1419494,1744146112.1792343,0.03728485107421875
332,1744146112.14791,1744146112.1890817,0.04117155075073242
333,1744146112.1505828,1744146112.1834571,0.032874345779418945
334,1744146112.153235,1744146112.188667,0.03543210029602051
335,1744146112.1564453,1744146112.1961832,0.03973793983459473
336,1744146112.1570265,1744146112.1905305,0.03350400924682617
337,1744146112.159106,1744146112.1975121,0.0384061336517334
338,1744146112.1742551,1744146112.2101111,0.035856008529663086
339,1744146112.1792789,1744146112.2164943,0.037215471267700195
340,1744146112.180047,1744146112.2189736,0.03892660140991211
341,1744146112.181095,1744146112.227619,0.0465240478515625
342,1744146112.183497,1744146112.2259045,0.04240751266479492
343,1744146112.188708,1744146112.22408,0.035372018814086914
344,1744146112.1891189,1744146112.2247183,0.035599470138549805
345,1744146112.1905727,1744146112.224465,0.033892154693603516
346,1744146112.1962147,1744146112.235433,0.03921842575073242
347,1744146112.1975431,1744146112.238114,0.040570974349975586
348,1744146112.2101462,1744146112.2482085,0.038062334060668945
349,1744146112.216526,1744146112.253993,0.037467002868652344
350,1744146112.2190068,1744146112.2583106,0.03930377960205078
351,1744146112.2241166,1744146112.2587097,0.03459310531616211
352,1744146112.2244902,1744146112.2672517,0.04276156425476074
353,1744146112.2247422,1744146112.2715313,0.04678916931152344
354,1744146112.2259495,1744146112.2759113,0.04996180534362793
355,1744146112.227658,1744146112.2663677,0.03870964050292969
356,1744146112.235464,1744146112.2686865,0.03322243690490723
357,1744146112.2381437,1744146112.2818267,0.04368305206298828
358,1744146112.248242,1744146112.2885125,0.04027056694030762
359,1744146112.2540362,1744146112.2985954,0.04455924034118652
360,1744146112.2583482,1744146112.2971933,0.038845062255859375
361,1744146112.2587428,1744146112.3001692,0.04142642021179199
362,1744146112.2664142,1744146112.3066185,0.04020428657531738
363,1744146112.2672982,1744146112.3071477,0.03984951972961426
364,1744146112.2687483,1744146112.305531,0.03678274154663086
365,1744146112.2715762,1744146112.3125412,0.04096508026123047
366,1744146112.275947,1744146112.3170538,0.0411067008972168
367,1744146112.2818677,1744146112.3206346,0.03876686096191406
368,1744146112.2885458,1744146112.325794,0.03724813461303711
369,1744146112.2972317,1744146112.3358386,0.038606882095336914
370,1744146112.2986355,1744146112.3388586,0.040223121643066406
371,1744146112.3002038,1744146112.3407822,0.040578365325927734
372,1744146112.3055668,1744146112.3430529,0.03748607635498047
373,1744146112.306664,1744146112.3457522,0.03908824920654297
374,1744146112.3071842,1744146112.3537185,0.04653429985046387
375,1744146112.3125749,1744146112.3486638,0.03608894348144531
376,1744146112.3170855,1744146112.3607411,0.0436556339263916
377,1744146112.320671,1744146112.3557808,0.035109758377075195
378,1744146112.3258274,1744146112.3671298,0.04130244255065918
379,1744146112.3358722,1744146112.3793712,0.043498992919921875
380,1744146112.338888,1744146112.3764791,0.03759121894836426
381,1744146112.340808,1744146112.3851156,0.044307708740234375
382,1744146112.3430824,1744146112.3767965,0.03371405601501465
383,1744146112.3457859,1744146112.3827379,0.03695201873779297
384,1744146112.3486931,1744146112.3874285,0.038735389709472656
385,1744146112.3537488,1744146112.3949246,0.04117584228515625
386,1744146112.3558085,1744146112.3967078,0.04089927673339844
387,1744146112.36077,1744146112.4028518,0.04208183288574219
388,1744146112.3671582,1744146112.4082687,0.04111051559448242
389,1744146112.3765085,1744146112.417528,0.041019439697265625
390,1744146112.3768218,1744146112.4133828,0.036561012268066406
391,1744146112.3794048,1744146112.4262722,0.04686737060546875
392,1744146112.3827713,1744146112.421641,0.03886985778808594
393,1744146112.3851438,1744146112.4234827,0.03833889961242676
394,1744146112.3874557,1744146112.4235125,0.0360567569732666
395,1744146112.394953,1744146112.4347658,0.03981280326843262
396,1744146112.396735,1744146112.4401836,0.043448686599731445
397,1744146112.402885,1744146112.4422169,0.039331912994384766
398,1744146112.4082975,1744146112.449298,0.0410003662109375
399,1744146112.413411,1744146112.4581323,0.044721364974975586
400,1744146112.4175556,1744146112.4556139,0.03805828094482422
401,1744146112.4216688,1744146112.4613204,0.03965163230895996
402,1744146112.423534,1744146112.4589133,0.03537940979003906
403,1744146112.4235923,1744146112.4586356,0.03504323959350586
404,1744146112.4263008,1744146112.4688833,0.04258251190185547
405,1744146112.4347928,1744146112.4746954,0.039902687072753906
406,1744146112.440229,1744146112.4786763,0.03844738006591797
407,1744146112.4422443,1744146112.4862733,0.04402899742126465
408,1744146112.4493244,1744146112.4847176,0.03539323806762695
409,1744146112.455643,1744146112.495187,0.039544105529785156
410,1744146112.458165,1744146112.4958513,0.03768634796142578
411,1744146112.458663,1744146112.5036023,0.044939279556274414
412,1744146112.4589398,1744146112.4972484,0.03830862045288086
413,1744146112.4613488,1744146112.5050058,0.04365706443786621
414,1744146112.4689116,1744146112.503637,0.03472542762756348
415,1744146112.4747293,1744146112.5105278,0.03579854965209961
416,1744146112.4787018,1744146112.519888,0.04118609428405762
417,1744146112.4847448,1744146112.526313,0.04156827926635742
418,1744146112.4863007,1744146112.5273452,0.04104447364807129
419,1744146112.4952188,1744146112.5281293,0.03291058540344238
420,1744146112.495886,1744146112.5352387,0.0393526554107666
421,1744146112.497283,1744146112.5393224,0.04203939437866211
422,1744146112.5036628,1744146112.5499966,0.04633378982543945
423,1744146112.5037274,1744146112.542359,0.03863167762756348
424,1744146112.5050397,1744146112.5457637,0.04072403907775879
425,1744146112.5105598,1744146112.551278,0.04071831703186035
426,1744146112.5199177,1744146112.560982,0.04106426239013672
427,1744146112.5263417,1744146112.5589805,0.0326387882232666
428,1744146112.5273833,1744146112.568265,0.04088163375854492
429,1744146112.5281584,1744146112.5731108,0.044952392578125
430,1744146112.5352662,1744146112.5752633,0.039997100830078125
431,1744146112.539351,1744146112.5818348,0.04248380661010742
432,1744146112.5423858,1744146112.5779235,0.0355377197265625
433,1744146112.5457923,1744146112.5889819,0.04318952560424805
434,1744146112.5500243,1744146112.595478,0.045453786849975586
435,1744146112.5513093,1744146112.597071,0.0457615852355957
436,1744146112.5590086,1744146112.602146,0.043137311935424805
437,1744146112.5610085,1744146112.5976443,0.0366358757019043
438,1744146112.5682914,1744146112.6052263,0.036934852600097656
439,1744146112.573143,1744146112.6125216,0.03937864303588867
440,1744146112.575291,1744146112.6152444,0.03995347023010254
441,1744146112.5779536,1744146112.617908,0.039954423904418945
442,1744146112.5818672,1744146112.6222713,0.04040408134460449
443,1744146112.5890193,1744146112.6282997,0.03928041458129883
444,1744146112.5955288,1744146112.6341462,0.03861737251281738
445,1744146112.5971029,1744146112.632116,0.03501319885253906
446,1744146112.5976796,1744146112.6401625,0.042482852935791016
447,1744146112.602178,1744146112.6449273,0.04274916648864746
448,1744146112.605257,1744146112.64086,0.03560304641723633
449,1744146112.6125526,1744146112.6497984,0.037245750427246094
450,1744146112.6152782,1744146112.6517043,0.03642606735229492
451,1744146112.6179392,1744146112.656148,0.038208723068237305
452,1744146112.6223028,1744146112.666567,0.04426431655883789
453,1744146112.628338,1744146112.6693048,0.04096674919128418
454,1744146112.6321573,1744146112.6633105,0.031153202056884766
455,1744146112.6341772,1744146112.6754885,0.04131126403808594
456,1744146112.6401992,1744146112.6836402,0.043441057205200195
457,1744146112.6409109,1744146112.6807587,0.03984785079956055
458,1744146112.645002,1744146112.6827137,0.03771185874938965
459,1744146112.6498404,1744146112.6860793,0.036238908767700195
460,1744146112.6517377,1744146112.6935914,0.04185366630554199
461,1744146112.656178,1744146112.6906157,0.03443765640258789
462,1744146112.6633456,1744146112.7020903,0.03874468803405762
463,1744146112.6666088,1744146112.7051272,0.038518428802490234
464,1744146112.6693609,1744146112.7106738,0.04131293296813965
465,1744146112.6755233,1744146112.7171402,0.04161691665649414
466,1744146112.6808076,1744146112.7196212,0.03881359100341797
467,1744146112.6827476,1744146112.7240086,0.04126095771789551
468,1744146112.6836953,1744146112.7235687,0.039873361587524414
469,1744146112.6861112,1744146112.7252069,0.03909564018249512
470,1744146112.6906483,1744146112.7283053,0.03765702247619629
471,1744146112.6936224,1744146112.7351642,0.04154181480407715
472,1744146112.7021246,1744146112.7439091,0.04178452491760254
473,1744146112.705159,1744146112.746856,0.041697025299072266
474,1744146112.7107098,1744146112.7541656,0.04345583915710449
475,1744146112.7171786,1744146112.7592175,0.042038917541503906
476,1744146112.7196598,1744146112.7634118,0.04375195503234863
477,1744146112.723606,1744146112.76563,0.04202389717102051
478,1744146112.7240467,1744146112.763905,0.039858341217041016
479,1744146112.7252467,1744146112.7685537,0.04330706596374512
480,1744146112.7283418,1744146112.7665381,0.03819632530212402
481,1744146112.7352002,1744146112.7696435,0.03444337844848633
482,1744146112.743961,1744146112.779869,0.03590798377990723
483,1744146112.746905,1744146112.784986,0.03808093070983887
484,1744146112.7542064,1744146112.7951093,0.04090285301208496
485,1744146112.7592669,1744146112.8004584,0.04119157791137695
486,1744146112.7634704,1744146112.7984602,0.03498983383178711
487,1744146112.7639513,1744146112.7983963,0.03444504737854004
488,1744146112.765715,1744146112.8054934,0.03977847099304199
489,1744146112.7665923,1744146112.8059773,0.039385080337524414
490,1744146112.7686071,1744146112.8033335,0.03472638130187988
491,1744146112.7697034,1744146112.811189,0.04148554801940918
492,1744146112.7799106,1744146112.8207574,0.040846824645996094
493,1744146112.7850566,1744146112.8174806,0.032423973083496094
494,1744146112.7951698,1744146112.8388546,0.04368472099304199
495,1744146112.7985108,1744146112.8361018,0.037590980529785156
496,1744146112.798625,1744146112.8395185,0.0408935546875
497,1744146112.8004968,1744146112.841998,0.04150128364562988
498,1744146112.8033707,1744146112.8462596,0.04288887977600098
499,1744146112.8055222,1744146112.843796,0.03827381134033203
500,1744146112.8060124,1744146112.8516405,0.04562807083129883
501,1744146112.811225,1744146112.8558102,0.044585227966308594
502,1744146112.8175316,1744146112.8608289,0.04329729080200195
503,1744146112.82079,1744146112.8624034,0.04161334037780762
504,1744146112.836137,1744146112.8799286,0.04379153251647949
505,1744146112.8388853,1744146112.8766408,0.037755489349365234
506,1744146112.8395495,1744146112.8732274,0.03367781639099121
507,1744146112.8420463,1744146112.891104,0.049057722091674805
508,1744146112.8438344,1744146112.879595,0.03576064109802246
509,1744146112.8463066,1744146112.8873923,0.04108572006225586
510,1744146112.8516743,1744146112.893498,0.041823625564575195
511,1744146112.8558464,1744146112.89893,0.04308366775512695
512,1744146112.8608623,1744146112.8950334,0.034171104431152344
513,1744146112.862434,1744146112.9051247,0.04269075393676758
514,1744146112.8732724,1744146112.915789,0.042516469955444336
515,1744146112.876669,1744146112.9117575,0.035088539123535156
516,1744146112.8796315,1744146112.9158206,0.03618907928466797
517,1744146112.8799675,1744146112.921186,0.04121851921081543
518,1744146112.8874214,1744146112.923555,0.036133527755737305
519,1744146112.89113,1744146112.9310262,0.039896249771118164
520,1744146112.8935533,1744146112.931344,0.037790775299072266
521,1744146112.8950593,1744146112.9330013,0.037941932678222656
522,1744146112.8989575,1744146112.9381752,0.03921771049499512
523,1744146112.905154,1744146112.9465022,0.04134821891784668
524,1744146112.911786,1744146112.9537394,0.041953325271606445
525,1744146112.9158428,1744146112.954466,0.03862333297729492
526,1744146112.9159079,1744146112.9599924,0.04408454895019531
527,1744146112.9212158,1744146112.9586957,0.03747987747192383
528,1744146112.9235878,1744146112.9655259,0.041938066482543945
529,1744146112.931055,1744146112.9757178,0.0446627140045166
530,1744146112.9313731,1744146112.9780416,0.04666852951049805
531,1744146112.933029,1744146112.9727662,0.03973722457885742
532,1744146112.9382036,1744146112.9848428,0.046639204025268555
533,1744146112.9465315,1744146112.987547,0.0410153865814209
534,1744146112.9537718,1744146112.9953008,0.041528940200805664
535,1744146112.9544926,1744146112.9952686,0.04077601432800293
536,1744146112.9587243,1744146113.0013201,0.042595863342285156
537,1744146112.960024,1744146113.0002944,0.040270328521728516
538,1744146112.9655561,1744146113.0033998,0.03784370422363281
539,1744146112.972797,1744146113.01267,0.03987312316894531
540,1744146112.9757571,1744146113.0136898,0.037932634353637695
541,1744146112.9780688,1744146113.0115511,0.03348231315612793
542,1744146112.9848788,1744146113.02153,0.0366511344909668
543,1744146112.9875731,1744146113.0268633,0.03929018974304199
544,1744146112.9953232,1744146113.0390556,0.043732404708862305
545,1744146112.9953895,1744146113.0361934,0.04080390930175781
546,1744146113.0003276,1744146113.0335171,0.03318953514099121
547,1744146113.0013735,1744146113.0381732,0.03679966926574707
548,1744146113.0034275,1744146113.0462573,0.04282975196838379
549,1744146113.0116029,1744146113.044852,0.0332491397857666
550,1744146113.0127106,1744146113.0546892,0.04197859764099121
551,1744146113.0137258,1744146113.0517473,0.03802156448364258
552,1744146113.0215576,1744146113.063286,0.04172849655151367
553,1744146113.026894,1744146113.0714207,0.04452657699584961
554,1744146113.033545,1744146113.0775266,0.04398155212402344
555,1744146113.0362236,1744146113.0724578,0.036234140396118164
556,1744146113.0382032,1744146113.0800664,0.041863203048706055
557,1744146113.0390873,1744146113.07756,0.038472652435302734
558,1744146113.0448833,1744146113.0883505,0.04346728324890137
559,1744146113.0462914,1744146113.0841143,0.03782296180725098
560,1744146113.0517747,1744146113.0931523,0.04137754440307617
561,1744146113.054716,1744146113.090715,0.03599882125854492
562,1744146113.0633206,1744146113.1041753,0.040854692459106445
563,1744146113.0714629,1744146113.1108255,0.03936266899108887
564,1744146113.072496,1744146113.1117294,0.03923344612121582
565,1744146113.0775936,1744146113.1193757,0.04178214073181152
566,1744146113.0776894,1744146113.1183019,0.04061245918273926
567,1744146113.0800927,1744146113.1201758,0.04008316993713379
568,1744146113.0841424,1744146113.118333,0.03419065475463867
569,1744146113.0883794,1744146113.130267,0.041887521743774414
570,1744146113.0907426,1744146113.1252463,0.03450369834899902
571,1744146113.093183,1744146113.1345448,0.04136180877685547
572,1744146113.1042075,1744146113.1424012,0.038193702697753906
573,1744146113.1108575,1744146113.1486516,0.03779411315917969
574,1744146113.111768,1744146113.1561995,0.044431447982788086
575,1744146113.118356,1744146113.157527,0.03917098045349121
576,1744146113.1184204,1744146113.1591365,0.04071617126464844
577,1744146113.1194036,1744146113.1582558,0.03885221481323242
578,1744146113.1202087,1744146113.1642466,0.044037818908691406
579,1744146113.1252792,1744146113.160826,0.03554677963256836
580,1744146113.1303015,1744146113.1675513,0.03724980354309082
581,1744146113.1345854,1744146113.1657374,0.031152009963989258
582,1744146113.1424313,1744146113.1814165,0.038985252380371094
583,1744146113.1486812,1744146113.1844485,0.035767316818237305
584,1744146113.1562316,1744146113.1963663,0.04013466835021973
585,1744146113.1575682,1744146113.201729,0.04416084289550781
586,1744146113.1582835,1744146113.1977832,0.039499759674072266
587,1744146113.1591606,1744146113.202537,0.04337644577026367
588,1744146113.1608515,1744146113.2030072,0.04215574264526367
589,1744146113.164275,1744146113.2021804,0.03790545463562012
590,1744146113.1657846,1744146113.206016,0.04023146629333496
591,1744146113.1675966,1744146113.204063,0.036466360092163086
592,1744146113.181452,1744146113.2136571,0.03220510482788086
593,1744146113.184483,1744146113.2158945,0.03141140937805176
594,1744146113.1964092,1744146113.2304945,0.03408527374267578
595,1744146113.1978474,1744146113.2332318,0.035384416580200195
596,1744146113.2017996,1744146113.24101,0.03921031951904297
597,1744146113.2022233,1744146113.241378,0.039154767990112305
598,1744146113.202583,1744146113.2518194,0.049236297607421875
599,1744146113.2030683,1744146113.244327,0.041258811950683594
600,1744146113.2041204,1744146113.247586,0.043465614318847656
601,1744146113.2060611,1744146113.251447,0.04538583755493164
602,1744146113.2137015,1744146113.2572412,0.04353976249694824
603,1744146113.2159374,1744146113.2523992,0.036461830139160156
604,1744146113.2305274,1744146113.2784631,0.04793572425842285
605,1744146113.23326,1744146113.2717037,0.038443803787231445
606,1744146113.2410693,1744146113.2741842,0.03311491012573242
607,1744146113.2414196,1744146113.2771122,0.035692691802978516
608,1744146113.2443695,1744146113.288002,0.04363250732421875
609,1744146113.247624,1744146113.2848606,0.037236690521240234
610,1744146113.2514882,1744146113.2924201,0.04093194007873535
611,1744146113.2518523,1744146113.295646,0.043793678283691406
612,1744146113.2524357,1744146113.294527,0.04209136962890625
613,1744146113.2572813,1744146113.3027866,0.04550528526306152
614,1744146113.2717345,1744146113.3136268,0.041892290115356445
615,1744146113.274224,1744146113.3110297,0.03680562973022461
616,1744146113.277141,1744146113.3130176,0.03587651252746582
617,1744146113.2785034,1744146113.3197768,0.04127335548400879
618,1744146113.2849016,1744146113.3253677,0.0404660701751709
619,1744146113.288042,1744146113.3285148,0.04047274589538574
620,1744146113.2924612,1744146113.3353155,0.04285430908203125
621,1744146113.2945647,1744146113.3300676,0.03550291061401367
622,1744146113.2956758,1744146113.3391433,0.04346752166748047
623,1744146113.302836,1744146113.3457963,0.042960405349731445
624,1744146113.3110762,1744146113.3525894,0.04151320457458496
625,1744146113.3130574,1744146113.3517387,0.0386812686920166
626,1744146113.3136544,1744146113.3580523,0.044397830963134766
627,1744146113.319828,1744146113.362273,0.04244494438171387
628,1744146113.3254013,1744146113.361887,0.03648567199707031
629,1744146113.3285463,1744146113.3688674,0.04032111167907715
630,1744146113.3300967,1744146113.3715117,0.04141497611999512
631,1744146113.3353443,1744146113.380263,0.04491877555847168
632,1744146113.3391716,1744146113.377555,0.03838324546813965
633,1744146113.34583,1744146113.3877473,0.04191732406616211
634,1744146113.351775,1744146113.39015,0.038375139236450195
635,1744146113.3526275,1744146113.394316,0.04168844223022461
636,1744146113.3580809,1744146113.398399,0.04031825065612793
637,1744146113.3619232,1744146113.4002454,0.03832221031188965
638,1744146113.362307,1744146113.4059758,0.04366874694824219
639,1744146113.3688953,1744146113.4102561,0.04136085510253906
640,1744146113.3715398,1744146113.4089284,0.03738856315612793
641,1744146113.3775828,1744146113.4159198,0.038336992263793945
642,1744146113.3802986,1744146113.4254797,0.0451810359954834
643,1744146113.3877773,1744146113.4292638,0.041486501693725586
644,1744146113.3901825,1744146113.4272754,0.03709292411804199
645,1744146113.3943453,1744146113.4317818,0.037436485290527344
646,1744146113.3984265,1744146113.4299273,0.031500816345214844
647,1744146113.4002755,1744146113.446893,0.04661750793457031
648,1744146113.4060047,1744146113.4413772,0.03537249565124512
649,1744146113.4089558,1744146113.4404705,0.031514644622802734
650,1744146113.4102874,1744146113.45379,0.0435025691986084
651,1744146113.4159493,1744146113.4506779,0.0347285270690918
652,1744146113.425508,1744146113.46737,0.04186201095581055
653,1744146113.4273047,1744146113.4636962,0.036391496658325195
654,1744146113.4292912,1744146113.4724882,0.043196916580200195
655,1744146113.4299579,1744146113.4689307,0.03897285461425781
656,1744146113.4318092,1744146113.467905,0.03609585762023926
657,1744146113.440504,1744146113.4787533,0.03824925422668457
658,1744146113.4414103,1744146113.4734242,0.032013893127441406
659,1744146113.446924,1744146113.489643,0.042719125747680664
660,1744146113.450711,1744146113.4872746,0.03656363487243652
661,1744146113.4538188,1744146113.4961421,0.04232335090637207
662,1744146113.4637246,1744146113.5069146,0.04319000244140625
663,1744146113.4674022,1744146113.5018291,0.03442692756652832
664,1744146113.4679468,1744146113.5156965,0.04774975776672363
665,1744146113.468978,1744146113.5059233,0.036945343017578125
666,1744146113.4725177,1744146113.5129588,0.040441036224365234
667,1744146113.4734507,1744146113.51016,0.03670930862426758
668,1744146113.478781,1744146113.5181077,0.03932666778564453
669,1744146113.4873016,1744146113.5250442,0.03774261474609375
670,1744146113.489685,1744146113.5354235,0.04573845863342285
671,1744146113.4961717,1744146113.5305278,0.034356117248535156
672,1744146113.50186,1744146113.541376,0.03951621055603027
673,1744146113.505973,1744146113.540651,0.034677982330322266
674,1744146113.5069504,1744146113.5510266,0.04407620429992676
675,1744146113.5101917,1744146113.548246,0.03805422782897949
676,1744146113.512991,1744146113.5586197,0.04562878608703613
677,1744146113.5157251,1744146113.5646677,0.04894256591796875
678,1744146113.5181367,1744146113.5500205,0.03188371658325195
679,1744146113.525074,1744146113.5682843,0.04321026802062988
680,1744146113.5305564,1744146113.5660682,0.03551173210144043
681,1744146113.5354521,1744146113.5721726,0.03672051429748535
682,1744146113.5406797,1744146113.5762558,0.03557610511779785
683,1744146113.5414152,1744146113.5852075,0.0437922477722168
684,1744146113.548276,1744146113.5915906,0.04331469535827637
685,1744146113.5500498,1744146113.5809667,0.030916929244995117
686,1744146113.5510664,1744146113.5956657,0.044599294662475586
687,1744146113.5586493,1744146113.6027808,0.04413151741027832
688,1744146113.564702,1744146113.6024294,0.03772735595703125
689,1744146113.566102,1744146113.6003675,0.03426551818847656
690,1744146113.5683117,1744146113.6120787,0.04376697540283203
691,1744146113.5721986,1744146113.6102884,0.038089752197265625
692,1744146113.5762858,1744146113.6140864,0.03780055046081543
693,1744146113.5809968,1744146113.6195338,0.038537025451660156
694,1744146113.58524,1744146113.6254137,0.04017376899719238
695,1744146113.5916214,1744146113.6326199,0.04099845886230469
696,1744146113.595698,1744146113.6355882,0.03989005088806152
697,1744146113.6003966,1744146113.6400664,0.03966975212097168
698,1744146113.6024816,1744146113.6446679,0.04218626022338867
699,1744146113.60282,1744146113.641829,0.03900909423828125
700,1744146113.6103191,1744146113.648989,0.03866982460021973
701,1744146113.612108,1744146113.6518629,0.03975486755371094
702,1744146113.6141143,1744146113.6499617,0.03584742546081543
703,1744146113.619569,1744146113.6561186,0.03654956817626953
704,1744146113.625448,1744146113.6656241,0.0401761531829834
705,1744146113.6326487,1744146113.6753118,0.0426630973815918
706,1744146113.6356168,1744146113.6722329,0.03661608695983887
707,1744146113.6400983,1744146113.6752777,0.03517937660217285
708,1744146113.64186,1744146113.6819491,0.04008913040161133
709,1744146113.6446948,1744146113.681563,0.03686809539794922
710,1744146113.6490183,1744146113.6927328,0.04371452331542969
711,1744146113.6499932,1744146113.6884336,0.03844046592712402
712,1744146113.6518905,1744146113.6883957,0.03650522232055664
713,1744146113.6561465,1744146113.6952956,0.03914904594421387
714,1744146113.665668,1744146113.7038863,0.03821825981140137
715,1744146113.6722627,1744146113.7111752,0.03891253471374512
716,1744146113.6753356,1744146113.7139962,0.038660526275634766
717,1744146113.6754,1744146113.7147412,0.03934121131896973
718,1744146113.6815991,1744146113.721654,0.0400547981262207
719,1744146113.6819751,1744146113.7224936,0.04051852226257324
720,1744146113.688462,1744146113.730027,0.04156494140625
721,1744146113.6885374,1744146113.7281234,0.03958606719970703
722,1744146113.6928084,1744146113.7316027,0.03879427909851074
723,1744146113.6953633,1744146113.7291338,0.03377056121826172
724,1744146113.7039502,1744146113.7433474,0.039397239685058594
725,1744146113.711236,1744146113.750209,0.038973093032836914
726,1744146113.714121,1744146113.7570887,0.04296755790710449
727,1744146113.714824,1744146113.7539346,0.039110660552978516
728,1744146113.7217698,1744146113.762935,0.04116511344909668
729,1744146113.722554,1744146113.7603369,0.037782907485961914
730,1744146113.7281992,1744146113.7692473,0.04104804992675781
731,1744146113.7292202,1744146113.7693396,0.04011940956115723
732,1744146113.7300828,1744146113.7727044,0.042621612548828125
733,1744146113.7316682,1744146113.779328,0.047659873962402344
734,1744146113.7434177,1744146113.7816422,0.03822445869445801
735,1744146113.7502806,1744146113.7935696,0.0432889461517334
736,1744146113.7539976,1744146113.790344,0.036346435546875
737,1744146113.7571797,1744146113.7992833,0.04210352897644043
738,1744146113.7604442,1744146113.7942898,0.03384566307067871
739,1744146113.763011,1744146113.80602,0.043009042739868164
740,1744146113.7694132,1744146113.8101633,0.04075002670288086
741,1744146113.7696052,1744146113.8091538,0.039548635482788086
742,1744146113.7727828,1744146113.813581,0.040798187255859375
743,1744146113.7793992,1744146113.82016,0.04076075553894043
744,1744146113.7817416,1744146113.8223226,0.04058098793029785
745,1744146113.7904167,1744146113.829537,0.03912019729614258
746,1744146113.793657,1744146113.83492,0.04126286506652832
747,1744146113.7943604,1744146113.8381457,0.04378533363342285
748,1744146113.7993417,1744146113.8418412,0.042499542236328125
749,1744146113.8061018,1744146113.8502727,0.04417085647583008
750,1744146113.8092341,1744146113.848776,0.03954195976257324
751,1744146113.810227,1744146113.8508961,0.04066920280456543
752,1744146113.8136418,1744146113.853928,0.04028630256652832
753,1744146113.820234,1744146113.8653696,0.045135498046875
754,1744146113.822371,1744146113.8638926,0.041521549224853516
755,1744146113.8295972,1744146113.8692715,0.03967428207397461
756,1744146113.834994,1744146113.8761854,0.04119133949279785
757,1744146113.8381867,1744146113.882594,0.04440736770629883
758,1744146113.8418849,1744146113.884409,0.042524099349975586
759,1744146113.8488173,1744146113.8891535,0.04033613204956055
760,1744146113.850323,1744146113.885944,0.035620927810668945
761,1744146113.850932,1744146113.885567,0.034635066986083984
762,1744146113.853973,1744146113.8980572,0.04408431053161621
763,1744146113.863932,1744146113.906446,0.04251408576965332
764,1744146113.8654127,1744146113.9049177,0.0395050048828125
765,1744146113.8693032,1744146113.9086797,0.03937649726867676
766,1744146113.8762186,1744146113.916759,0.040540456771850586
767,1744146113.8826237,1744146113.921962,0.03933835029602051
768,1744146113.8844397,1744146113.9240067,0.039566993713378906
769,1744146113.8856013,1744146113.9261672,0.04056596755981445
770,1744146113.8859723,1744146113.9265964,0.040624141693115234
771,1744146113.889183,1744146113.9273913,0.0382082462310791
772,1744146113.8980849,1744146113.9386501,0.04056525230407715
773,1744146113.9049478,1744146113.945014,0.04006624221801758
774,1744146113.9064753,1744146113.9484828,0.0420074462890625
775,1744146113.9087086,1744146113.9445589,0.03585028648376465
776,1744146113.9167924,1744146113.9595335,0.04274106025695801
777,1744146113.9219925,1744146113.9677763,0.04578375816345215
778,1744146113.9240375,1744146113.9646728,0.04063534736633301
779,1744146113.9261963,1744146113.9647145,0.03851819038391113
780,1744146113.9266315,1744146113.9654055,0.03877401351928711
781,1744146113.9274175,1744146113.966114,0.0386965274810791
782,1744146113.938678,1744146113.9811797,0.04250168800354004
783,1744146113.944597,1744146113.9841456,0.039548635482788086
784,1744146113.9450426,1744146113.976515,0.03147244453430176
785,1744146113.948512,1744146113.9893465,0.04083442687988281
786,1744146113.9595692,1744146114.0024905,0.04292130470275879
787,1744146113.9647377,1744146114.0088427,0.04410505294799805
788,1744146113.9648318,1744146114.007389,0.0425572395324707
789,1744146113.9654334,1744146114.0056133,0.04017996788024902
790,1744146113.9661386,1744146114.010269,0.04413032531738281
791,1744146113.9678042,1744146114.0069132,0.039108991622924805
792,1744146113.9765422,1744146114.0117083,0.035166025161743164
793,1744146113.98121,1744146114.0153925,0.03418254852294922
794,1744146113.9841878,1744146114.0187755,0.03458762168884277
795,1744146113.9893749,1744146114.025734,0.03635907173156738
796,1744146114.002519,1744146114.0457666,0.04324769973754883
797,1744146114.0056407,1744146114.0409007,0.03525996208190918
798,1744146114.0069444,1744146114.0453045,0.0383601188659668
799,1744146114.0074158,1744146114.0461264,0.038710594177246094
800,1744146114.008869,1744146114.0476654,0.038796424865722656
801,1744146114.010298,1744146114.046812,0.0365140438079834
802,1744146114.0117402,1744146114.048175,0.03643488883972168
803,1744146114.015427,1744146114.0549624,0.0395352840423584
804,1744146114.0188086,1744146114.0544968,0.035688161849975586
805,1744146114.0257664,1744146114.0566874,0.030920982360839844
806,1744146114.0409372,1744146114.0710075,0.03007030487060547
807,1744146114.0453384,1744146114.0795496,0.034211158752441406
808,1744146114.0458152,1744146114.078953,0.03313779830932617
809,1744146114.0461726,1744146114.0890627,0.042890071868896484
810,1744146114.046874,1744146114.0870295,0.04015541076660156
811,1744146114.0476959,1744146114.09088,0.04318404197692871
812,1744146114.0482059,1744146114.0960681,0.04786229133605957
813,1744146114.0545452,1744146114.1000507,0.045505523681640625
814,1744146114.0549934,1744146114.09571,0.04071664810180664
815,1744146114.0567229,1744146114.097258,0.04053521156311035
816,1744146114.0710447,1744146114.1077118,0.0366671085357666
817,1744146114.078992,1744146114.118123,0.03913116455078125
818,1744146114.0795884,1744146114.1248295,0.04524111747741699
819,1744146114.0870628,1744146114.1256988,0.038635969161987305
820,1744146114.089093,1744146114.1341538,0.04506087303161621
821,1744146114.0909085,1744146114.1269655,0.0360569953918457
822,1744146114.0957458,1744146114.1321628,0.03641700744628906
823,1744146114.0960963,1744146114.1313605,0.03526425361633301
824,1744146114.0972917,1744146114.1359165,0.03862476348876953
825,1744146114.1000795,1744146114.1335907,0.03351116180419922
826,1744146114.1077409,1744146114.1414268,0.033685922622680664
827,1744146114.118152,1744146114.1538117,0.0356597900390625
828,1744146114.1248586,1744146114.1658616,0.04100298881530762
829,1744146114.1257312,1744146114.1622033,0.03647208213806152
830,1744146114.126996,1744146114.1685607,0.0415647029876709
831,1744146114.1313891,1744146114.17,0.03861093521118164
832,1744146114.1321907,1744146114.1727338,0.0405430793762207
833,1744146114.133622,1744146114.1704197,0.03679776191711426
834,1744146114.1341825,1744146114.175555,0.04137253761291504
835,1744146114.135951,1744146114.1798532,0.04390215873718262
836,1744146114.1414533,1744146114.1759973,0.03454399108886719
837,1744146114.1538408,1744146114.1908422,0.03700137138366699
838,1744146114.1622324,1744146114.201574,0.03934168815612793
839,1744146114.1658936,1744146114.2095861,0.043692588806152344
840,1744146114.1686177,1744146114.2066178,0.03800010681152344
841,1744146114.1700504,1744146114.208438,0.03838753700256348
842,1744146114.1704464,1744146114.209926,0.03947949409484863
843,1744146114.1727662,1744146114.2092898,0.03652358055114746
844,1744146114.1755865,1744146114.2160368,0.040450334548950195
845,1744146114.1760252,1744146114.2130673,0.03704214096069336
846,1744146114.1799073,1744146114.2163572,0.03644990921020508
847,1744146114.1908855,1744146114.2213714,0.030485868453979492
848,1744146114.2016244,1744146114.233318,0.03169369697570801
849,1744146114.2066808,1744146114.2484515,0.04177069664001465
850,1744146114.2084756,1744146114.2457998,0.03732419013977051
851,1744146114.209321,1744146114.2505248,0.04120373725891113
852,1744146114.2096105,1744146114.2500906,0.04048013687133789
853,1744146114.20996,1744146114.2567995,0.04683947563171387
854,1744146114.2131166,1744146114.2531838,0.040067195892333984
855,1744146114.2160628,1744146114.2572064,0.04114365577697754
856,1744146114.2163908,1744146114.25542,0.03902912139892578
857,1744146114.221406,1744146114.2601395,0.038733482360839844
858,1744146114.2333534,1744146114.264379,0.03102564811706543
859,1744146114.24585,1744146114.288397,0.042546987533569336
860,1744146114.2484949,1744146114.2863927,0.03789782524108887
861,1744146114.2501326,1744146114.2902606,0.04012799263000488
862,1744146114.2505627,1744146114.292233,0.04167032241821289
863,1744146114.253217,1744146114.2954175,0.042200565338134766
864,1744146114.2554562,1744146114.295039,0.03958272933959961
865,1744146114.2568367,1744146114.2974527,0.04061603546142578
866,1744146114.2572508,1744146114.3056242,0.04837346076965332
867,1744146114.2601764,1744146114.3072767,0.04710030555725098
868,1744146114.2644203,1744146114.30474,0.04031968116760254
869,1744146114.2864282,1744146114.3278236,0.04139542579650879
870,1744146114.2884293,1744146114.3251586,0.03672933578491211
871,1744146114.2902918,1744146114.3260684,0.035776615142822266
872,1744146114.2922642,1744146114.3293133,0.037049055099487305
873,1744146114.2950718,1744146114.3314946,0.0364227294921875
874,1744146114.2954485,1744146114.3301125,0.03466391563415527
875,1744146114.2974844,1744146114.3342583,0.0367739200592041
876,1744146114.3047726,1744146114.3330624,0.028289794921875
877,1744146114.3056583,1744146114.3396459,0.03398752212524414
878,1744146114.3073132,1744146114.3373234,0.030010223388671875
879,1744146114.325207,1744146114.3618524,0.03664541244506836
880,1744146114.3261533,1744146114.3610063,0.03485298156738281
881,1744146114.3278556,1744146114.3609655,0.03310990333557129
882,1744146114.3293607,1744146114.363903,0.03454232215881348
883,1744146114.3301458,1744146114.3703883,0.04024243354797363
884,1744146114.3315337,1744146114.368416,0.03688240051269531
885,1744146114.333091,1744146114.368967,0.03587603569030762
886,1744146114.3342915,1744146114.3712118,0.03692030906677246
887,1744146114.3373532,1744146114.3773482,0.03999495506286621
888,1744146114.3396766,1744146114.3765125,0.03683590888977051
889,1744146114.361044,1744146114.3974733,0.036429405212402344
890,1744146114.3611467,1744146114.3960814,0.03493475914001465
891,1744146114.361905,1744146114.4013321,0.03942704200744629
892,1744146114.363936,1744146114.4058836,0.04194760322570801
893,1744146114.3684456,1744146114.409883,0.041437387466430664
894,1744146114.3689964,1744146114.414881,0.04588460922241211
895,1744146114.3704298,1744146114.4117577,0.04132795333862305
896,1744146114.371239,1744146114.41029,0.039051055908203125
897,1744146114.3765404,1744146114.4170978,0.0405573844909668
898,1744146114.3774142,1744146114.414362,0.03694772720336914
899,1744146114.3961337,1744146114.4308832,0.034749507904052734
900,1744146114.3975284,1744146114.4365697,0.03904128074645996
901,1744146114.4013712,1744146114.4409914,0.039620161056518555
902,1744146114.405914,1744146114.4383345,0.03242039680480957
903,1744146114.4099472,1744146114.44713,0.03718280792236328
904,1744146114.4103224,1744146114.448227,0.03790450096130371
905,1744146114.4117882,1744146114.4570289,0.04524064064025879
906,1744146114.4144182,1744146114.456997,0.042578697204589844
907,1744146114.4149122,1744146114.4580839,0.04317164421081543
908,1744146114.4171247,1744146114.456952,0.03982734680175781
909,1744146114.430913,1744146114.4714034,0.04049038887023926
910,1744146114.4366086,1744146114.4680705,0.03146195411682129
911,1744146114.4383776,1744146114.4758399,0.03746223449707031
912,1744146114.4410331,1744146114.477718,0.03668498992919922
913,1744146114.4471638,1744146114.4845145,0.03735065460205078
914,1744146114.4482617,1744146114.4864054,0.03814363479614258
915,1744146114.457061,1744146114.502703,0.04564189910888672
916,1744146114.4571707,1744146114.4980738,0.04090309143066406
917,1744146114.4572814,1744146114.504147,0.04686570167541504
918,1744146114.4582264,1744146114.5032802,0.045053720474243164
919,1744146114.4681149,1744146114.5036876,0.03557276725769043
920,1744146114.4714403,1744146114.5096936,0.0382533073425293
921,1744146114.4758754,1744146114.511915,0.03603959083557129
922,1744146114.4777527,1744146114.5080924,0.030339717864990234
923,1744146114.484551,1744146114.516393,0.03184199333190918
924,1744146114.4864435,1744146114.5148087,0.028365135192871094
925,1744146114.4981115,1744146114.5297024,0.031590938568115234
926,1744146114.50274,1744146114.541754,0.03901410102844238
927,1744146114.5033207,1744146114.5468626,0.043541908264160156
928,1744146114.5037255,1744146114.5481043,0.04437875747680664
929,1744146114.5041914,1744146114.5437446,0.039553165435791016
930,1744146114.5081446,1744146114.5488083,0.040663719177246094
931,1744146114.509737,1744146114.549967,0.04023003578186035
932,1744146114.5119793,1744146114.5493484,0.0373690128326416
933,1744146114.5148425,1744146114.552133,0.03729057312011719
934,1744146114.5164263,1744146114.5516176,0.03519129753112793
935,1744146114.52975,1744146114.5578742,0.028124094009399414
936,1744146114.5417974,1744146114.5731323,0.031334877014160156
937,1744146114.5437837,1744146114.5785074,0.034723758697509766
938,1744146114.5468993,1744146114.5847805,0.03788113594055176
939,1744146114.548191,1744146114.5889113,0.040720224380493164
940,1744146114.5488472,1744146114.5836523,0.0348050594329834
941,1744146114.5493844,1744146114.5920112,0.04262685775756836
942,1744146114.5500226,1744146114.594555,0.04453229904174805
943,1744146114.5516524,1744146114.5965145,0.04486203193664551
944,1744146114.5521672,1744146114.5950024,0.042835235595703125
945,1744146114.5579138,1744146114.6032016,0.0452878475189209
946,1744146114.5732055,1744146114.6101003,0.036894798278808594
947,1744146114.5785415,1744146114.622341,0.043799400329589844
948,1744146114.5836885,1744146114.6253366,0.041648149490356445
949,1744146114.5848646,1744146114.6218927,0.03702807426452637
950,1744146114.588956,1744146114.6258757,0.036919593811035156
951,1744146114.5920477,1744146114.6280832,0.03603553771972656
952,1744146114.594627,1744146114.6286495,0.03402256965637207
953,1744146114.5950356,1744146114.629239,0.034203529357910156
954,1744146114.5965629,1744146114.63029,0.033727169036865234
955,1744146114.6032374,1744146114.6373034,0.034065961837768555
956,1744146114.6101449,1744146114.6353378,0.025192975997924805
957,1744146114.6219532,1744146114.6563168,0.034363508224487305
958,1744146114.6224158,1744146114.6596076,0.03719186782836914
959,1744146114.625383,1744146114.6626713,0.03728842735290527
960,1744146114.625916,1744146114.6646948,0.03877878189086914
961,1744146114.62815,1744146114.6691873,0.04103732109069824
962,1744146114.6286922,1744146114.6696515,0.04095935821533203
963,1744146114.6292965,1744146114.668657,0.03936052322387695
964,1744146114.6303236,1744146114.671395,0.041071414947509766
965,1744146114.635374,1744146114.674227,0.03885293006896973
966,1744146114.637363,1744146114.673744,0.03638100624084473
967,1744146114.6563988,1744146114.6967673,0.04036855697631836
968,1744146114.6596518,1744146114.6937492,0.03409743309020996
969,1744146114.662714,1744146114.7023547,0.03964066505432129
970,1744146114.6647344,1744146114.7041953,0.03946089744567871
971,1744146114.6687086,1744146114.7030249,0.034316301345825195
972,1744146114.6692762,1744146114.7109807,0.041704416275024414
973,1744146114.6697206,1744146114.7082212,0.03850054740905762
974,1744146114.6714597,1744146114.715713,0.04425334930419922
975,1744146114.6737797,1744146114.7182362,0.04445648193359375
976,1744146114.674264,1744146114.7120476,0.03778362274169922
977,1744146114.693794,1744146114.7360666,0.04227256774902344
978,1744146114.6968067,1744146114.7329183,0.03611159324645996
979,1744146114.7023926,1744146114.7411067,0.03871417045593262
980,1744146114.7030654,1744146114.7378092,0.0347437858581543
981,1744146114.704243,1744146114.7442565,0.04001355171203613
982,1744146114.7082574,1744146114.7526507,0.044393301010131836
983,1744146114.7110243,1744146114.7450814,0.0340571403503418
984,1744146114.7120874,1744146114.7497723,0.03768491744995117
985,1744146114.7157538,1744146114.7584682,0.04271435737609863
986,1744146114.7182724,1744146114.7631476,0.044875144958496094
987,1744146114.7329576,1744146114.7772486,0.044291019439697266
988,1744146114.736105,1744146114.776663,0.0405580997467041
989,1744146114.7378445,1744146114.7819953,0.04415082931518555
990,1744146114.7411518,1744146114.7779398,0.036787986755371094
991,1744146114.7443056,1744146114.781623,0.03731727600097656
992,1744146114.7451353,1744146114.783584,0.03844881057739258
993,1744146114.7498074,1744146114.7839873,0.0341799259185791
994,1744146114.7526984,1744146114.7886798,0.03598141670227051
995,1744146114.7585151,1744146114.792339,0.03382396697998047
996,1744146114.7631898,1744146114.8015501,0.0383603572845459
997,1744146114.7767003,1744146114.8148475,0.0381472110748291
998,1744146114.7772758,1744146114.8215725,0.0442967414855957
999,1744146114.7779675,1744146114.8181927,0.04022526741027832
1000,1744146114.7816517,1744146114.8220694,0.04041767120361328
1001,1744146114.7820272,1744146114.8240168,0.04198956489562988
1002,1744146114.7836173,1744146114.8327174,0.04910016059875488
1003,1744146114.7840276,1744146114.8231127,0.03908514976501465
1004,1744146114.7887208,1744146114.8268034,0.03808259963989258
1005,1744146114.7923737,1744146114.831474,0.03910040855407715
1006,1744146114.801592,1744146114.8420901,0.04049801826477051
1007,1744146114.8148859,1744146114.8564918,0.04160594940185547
1008,1744146114.8182275,1744146114.8617606,0.0435330867767334
1009,1744146114.8216066,1744146114.8648264,0.043219804763793945
1010,1744146114.8220983,1744146114.863281,0.041182756423950195
1011,1744146114.8231456,1744146114.8638666,0.04072093963623047
1012,1744146114.8240478,1744146114.8657453,0.04169750213623047
1013,1744146114.8268383,1744146114.8664095,0.039571285247802734
1014,1744146114.8315067,1744146114.8702214,0.03871464729309082
1015,1744146114.8327453,1744146114.8683293,0.0355839729309082
1016,1744146114.8421347,1744146114.8709,0.028765201568603516
1017,1744146114.856527,1744146114.8905845,0.0340573787689209
1018,1744146114.8617895,1744146114.901734,0.03994464874267578
1019,1744146114.8633091,1744146114.898709,0.0353999137878418
1020,1744146114.863894,1744146114.9047046,0.040810585021972656
1021,1744146114.864858,1744146114.9037497,0.03889179229736328
1022,1744146114.8657749,1744146114.9092865,0.04351162910461426
1023,1744146114.8664348,1744146114.908899,0.042464256286621094
1024,1744146114.8683574,1744146114.908069,0.03971147537231445
1025,1744146114.8702474,1744146114.9172125,0.04696512222290039
1026,1744146114.8709304,1744146114.9188218,0.04789137840270996
1027,1744146114.8906262,1744146114.9285407,0.03791451454162598
1028,1744146114.8987439,1744146114.9376397,0.03889584541320801
1029,1744146114.9017646,1744146114.9472227,0.045458078384399414
1030,1744146114.9037795,1744146114.943662,0.03988242149353027
1031,1744146114.9047406,1744146114.9392087,0.03446817398071289
1032,1744146114.908103,1744146114.9423187,0.034215688705444336
1033,1744146114.9089322,1744146114.9485517,0.03961944580078125
1034,1744146114.9093204,1744146114.9492385,0.03991818428039551
1035,1744146114.9172437,1744146114.9582405,0.04099678993225098
1036,1744146114.9188547,1744146114.956457,0.03760218620300293
1037,1744146114.92857,1744146114.9736292,0.0450592041015625
1038,1744146114.9376829,1744146114.9827778,0.045094966888427734
1039,1744146114.9392352,1744146114.9781504,0.038915157318115234
1040,1744146114.942354,1744146114.9828103,0.040456295013427734
1041,1744146114.9436965,1744146114.9861505,0.04245400428771973
1042,1744146114.9472852,1744146114.9850385,0.03775334358215332
1043,1744146114.9485898,1744146114.9892328,0.04064297676086426
1044,1744146114.9492688,1744146114.98669,0.037421226501464844
1045,1744146114.9564898,1744146114.9914532,0.034963369369506836
1046,1744146114.9582691,1744146114.992981,0.03471183776855469
1047,1744146114.9736598,1744146115.0086486,0.0349888801574707
1048,1744146114.9781806,1744146115.0161774,0.037996768951416016
1049,1744146114.9828377,1744146115.0267508,0.04391312599182129
1050,1744146114.982938,1744146115.021534,0.03859591484069824
1051,1744146114.9850857,1744146115.023336,0.03825020790100098
1052,1744146114.9861841,1744146115.0273452,0.04116106033325195
1053,1744146114.9867172,1744146115.0334733,0.04675602912902832
1054,1744146114.9892626,1744146115.03167,0.04240751266479492
1055,1744146114.9914782,1744146115.0322719,0.040793657302856445
1056,1744146114.9930189,1744146115.0368018,0.043782949447631836
1057,1744146115.0086784,1744146115.0448098,0.03613138198852539
1058,1744146115.0162065,1744146115.051299,0.03509259223937988
1059,1744146115.021561,1744146115.062099,0.04053807258605957
1060,1744146115.023364,1744146115.060052,0.03668785095214844
1061,1744146115.0267782,1744146115.0600173,0.033239126205444336
1062,1744146115.0273705,1744146115.0710735,0.04370307922363281
1063,1744146115.0316966,1744146115.0666933,0.034996747970581055
1064,1744146115.0323112,1744146115.0719035,0.03959226608276367
1065,1744146115.0335016,1744146115.0711153,0.037613630294799805
1066,1744146115.0368354,1744146115.0710225,0.03418707847595215
1067,1744146115.0448418,1744146115.0870245,0.04218268394470215
1068,1744146115.0513287,1744146115.0937495,0.04242086410522461
1069,1744146115.0600753,1744146115.0990067,0.03893136978149414
1070,1744146115.060155,1744146115.1036947,0.04353976249694824
1071,1744146115.062142,1744146115.1009471,0.038805246353149414
1072,1744146115.0667336,1744146115.1108015,0.0440678596496582
1073,1744146115.07114,1744146115.110333,0.039192914962768555
1074,1744146115.071241,1744146115.1082985,0.03705763816833496
1075,1744146115.0713165,1744146115.10971,0.038393497467041016
1076,1744146115.0719407,1744146115.1180449,0.04610419273376465
1077,1744146115.087051,1744146115.1266632,0.0396122932434082
1078,1744146115.093777,1744146115.1371753,0.043398380279541016
1079,1744146115.0990372,1744146115.1367056,0.037668466567993164
1080,1744146115.1009789,1744146115.1317468,0.03076791763305664
1081,1744146115.1037328,1744146115.143284,0.0395512580871582
1082,1744146115.108336,1744146115.145229,0.03689312934875488
1083,1744146115.1097534,1744146115.147795,0.03804159164428711
1084,1744146115.1103716,1744146115.1483243,0.03795266151428223
1085,1744146115.110837,1744146115.150957,0.04012012481689453
1086,1744146115.11808,1744146115.1556532,0.03757333755493164
1087,1744146115.1266987,1744146115.1696994,0.04300069808959961
1088,1744146115.1317837,1744146115.1729572,0.041173458099365234
1089,1744146115.1367452,1744146115.1715348,0.0347895622253418
1090,1744146115.1372125,1744146115.1723566,0.03514409065246582
1091,1744146115.143319,1744146115.1768968,0.033577919006347656
1092,1744146115.145261,1744146115.1785104,0.0332493782043457
1093,1744146115.1478326,1744146115.1806576,0.03282499313354492
1094,1744146115.1483693,1744146115.191255,0.042885780334472656
1095,1744146115.1509929,1744146115.1892037,0.03821086883544922
1096,1744146115.1556885,1744146115.1931167,0.03742814064025879
1097,1744146115.1697562,1744146115.206891,0.03713488578796387
1098,1744146115.1715949,1744146115.2178435,0.046248674392700195
1099,1744146115.1724057,1744146115.2152522,0.0428464412689209
1100,1744146115.1730049,1744146115.2124739,0.039469003677368164
1101,1744146115.1769598,1744146115.2173474,0.040387630462646484
1102,1744146115.1785717,1744146115.215758,0.037186384201049805
1103,1744146115.1807096,1744146115.2247403,0.04403066635131836
1104,1744146115.1892478,1744146115.222039,0.0327911376953125
1105,1744146115.1913052,1744146115.2302153,0.0389101505279541
1106,1744146115.193164,1744146115.2330468,0.039882659912109375
1107,1744146115.2069333,1744146115.2458906,0.03895735740661621
1108,1744146115.2125206,1744146115.250837,0.03831648826599121
1109,1744146115.2152932,1744146115.2571769,0.04188370704650879
1110,1744146115.2157989,1744146115.2515774,0.03577852249145508
1111,1744146115.2173843,1744146115.2562265,0.038842201232910156
1112,1744146115.217876,1744146115.2610753,0.04319930076599121
1113,1744146115.2220721,1744146115.2636342,0.04156208038330078
1114,1744146115.2247732,1744146115.2668834,0.04211020469665527
1115,1744146115.2302554,1744146115.272602,0.04234671592712402
1116,1744146115.2330973,1744146115.2732508,0.04015350341796875
1117,1744146115.2459366,1744146115.2877219,0.041785240173339844
1118,1744146115.2508829,1744146115.292354,0.041471242904663086
1119,1744146115.2516196,1744146115.2973564,0.04573678970336914
1120,1744146115.2562683,1744146115.2932372,0.03696894645690918
1121,1744146115.2572181,1744146115.2984505,0.04123234748840332
1122,1744146115.261124,1744146115.2981033,0.03697943687438965
1123,1744146115.2636778,1744146115.3048441,0.04116630554199219
1124,1744146115.2669194,1744146115.3097563,0.042836904525756836
1125,1744146115.2726524,1744146115.306754,0.03410172462463379
1126,1744146115.2732902,1744146115.313489,0.04019880294799805
1127,1744146115.2877703,1744146115.3288906,0.041120290756225586
1128,1744146115.2923968,1744146115.3302855,0.03788876533508301
1129,1744146115.2932775,1744146115.3299618,0.036684274673461914
1130,1744146115.2973979,1744146115.3355873,0.03818941116333008
1131,1744146115.298172,1744146115.335265,0.03709292411804199
1132,1744146115.2984803,1744146115.3363054,0.03782510757446289
1133,1744146115.3048692,1744146115.3409142,0.036045074462890625
1134,1744146115.3067892,1744146115.3438892,0.03710007667541504
1135,1744146115.3097835,1744146115.3452759,0.0354924201965332
1136,1744146115.313519,1744146115.3487427,0.03522372245788574
1137,1744146115.32892,1744146115.3739183,0.0449984073638916
1138,1744146115.3299925,1744146115.368403,0.03841042518615723
1139,1744146115.3303108,1744146115.373573,0.04326224327087402
1140,1744146115.3353024,1744146115.3727853,0.03748297691345215
1141,1744146115.335616,1744146115.3727534,0.03713726997375488
1142,1744146115.3363354,1744146115.374593,0.038257598876953125
1143,1744146115.3409524,1744146115.3770413,0.03608894348144531
1144,1744146115.343916,1744146115.3756995,0.0317835807800293
1145,1744146115.345306,1744146115.3781385,0.03283262252807617
1146,1744146115.3487709,1744146115.3776019,0.028831005096435547
1147,1744146115.36844,1744146115.3903227,0.02188277244567871
1148,1744146115.3728065,1744146115.403373,0.03056645393371582
1149,1744146115.372867,1744146115.4093063,0.03643918037414551
1150,1744146115.3736246,1744146115.4110782,0.037453651428222656
1151,1744146115.3739462,1744146115.412006,0.03805971145629883
1152,1744146115.3746238,1744146115.4182682,0.04364442825317383
1153,1744146115.3757315,1744146115.4212384,0.045506954193115234
1154,1744146115.3770854,1744146115.4270027,0.04991722106933594
1155,1744146115.377633,1744146115.426669,0.04903578758239746
1156,1744146115.3781683,1744146115.4302187,0.05205035209655762
1157,1744146115.3903737,1744146115.4359417,0.045567989349365234
1158,1744146115.4034047,1744146115.4422412,0.03883647918701172
1159,1744146115.409335,1744146115.4505851,0.04125022888183594
1160,1744146115.4111056,1744146115.4451776,0.034071922302246094
1161,1744146115.4120355,1744146115.4532676,0.04123210906982422
1162,1744146115.4182973,1744146115.452083,0.03378582000732422
1163,1744146115.4212644,1744146115.462938,0.04167366027832031
1164,1744146115.4266963,1744146115.4610178,0.03432154655456543
1165,1744146115.4270277,1744146115.4670606,0.04003286361694336
1166,1744146115.4302456,1744146115.4721262,0.04188060760498047
1167,1744146115.4359746,1744146115.4700909,0.034116268157958984
1168,1744146115.4422789,1744146115.486483,0.0442042350769043
1169,1744146115.4452057,1744146115.4810655,0.03585982322692871
1170,1744146115.4506168,1744146115.4931042,0.042487382888793945
1171,1744146115.4521124,1744146115.4985754,0.0464630126953125
1172,1744146115.4532998,1744146115.4909341,0.03763437271118164
1173,1744146115.461049,1744146115.4916549,0.030605792999267578
1174,1744146115.462969,1744146115.5049295,0.04196047782897949
1175,1744146115.4670918,1744146115.511052,0.0439600944519043
1176,1744146115.470123,1744146115.5018876,0.03176450729370117
1177,1744146115.4721565,1744146115.5106258,0.03846931457519531
1178,1744146115.4810977,1744146115.5218189,0.04072117805480957
1179,1744146115.4865158,1744146115.5302618,0.043745994567871094
1180,1744146115.490967,1744146115.5294662,0.03849911689758301
1181,1744146115.4916892,1744146115.532112,0.040422677993774414
1182,1744146115.4931378,1744146115.531423,0.038285255432128906
1183,1744146115.4986057,1744146115.5363965,0.037790775299072266
1184,1744146115.5019321,1744146115.5408037,0.03887152671813965
1185,1744146115.504961,1744146115.5359077,0.030946731567382812
1186,1744146115.5106611,1744146115.5389333,0.028272151947021484
1187,1744146115.511081,1744146115.545334,0.03425312042236328
1188,1744146115.5218606,1744146115.5604131,0.03855252265930176
1189,1744146115.5294974,1744146115.568707,0.039209604263305664
1190,1744146115.5302968,1744146115.5693812,0.039084434509277344
1191,1744146115.53146,1744146115.5678499,0.036389827728271484
1192,1744146115.532143,1744146115.5727875,0.04064440727233887
1193,1744146115.535945,1744146115.5741549,0.03820991516113281
1194,1744146115.5364292,1744146115.57664,0.040210723876953125
1195,1744146115.5389695,1744146115.5763443,0.03737473487854004
1196,1744146115.540834,1744146115.577179,0.03634500503540039
1197,1744146115.5453641,1744146115.5814974,0.0361332893371582
1198,1744146115.5604477,1744146115.5964658,0.03601813316345215
1199,1744146115.5678823,1744146115.602501,0.03461861610412598
1200,1744146115.5687659,1744146115.6116104,0.042844533920288086
1201,1744146115.5694077,1744146115.6077752,0.038367509841918945
1202,1744146115.572819,1744146115.6187074,0.045888423919677734
1203,1744146115.5742157,1744146115.6174634,0.04324769973754883
1204,1744146115.5763795,1744146115.6162214,0.03984189033508301
1205,1744146115.5766718,1744146115.6148973,0.038225412368774414
1206,1744146115.5772073,1744146115.620735,0.04352760314941406
1207,1744146115.5815275,1744146115.623576,0.04204845428466797
1208,1744146115.5965576,1744146115.6331048,0.036547183990478516
1209,1744146115.6025932,1744146115.639922,0.03732872009277344
1210,1744146115.6078682,1744146115.6468682,0.03900003433227539
1211,1744146115.6117191,1744146115.6521199,0.04040074348449707
1212,1744146115.6150858,1744146115.649577,0.03449106216430664
1213,1744146115.6163204,1744146115.6570256,0.040705204010009766
1214,1744146115.617561,1744146115.6625113,0.044950246810913086
1215,1744146115.618817,1744146115.660324,0.04150700569152832
1216,1744146115.6208482,1744146115.6588,0.03795170783996582
1217,1744146115.6237023,1744146115.6695197,0.04581737518310547
1218,1744146115.6332397,1744146115.6673577,0.034117937088012695
1219,1744146115.640026,1744146115.6749732,0.03494715690612793
1220,1744146115.646963,1744146115.6819263,0.034963369369506836
1221,1744146115.6497314,1744146115.6906092,0.0408778190612793
1222,1744146115.6522677,1744146115.696634,0.04436635971069336
1223,1744146115.6571906,1744146115.6950688,0.03787827491760254
1224,1744146115.658901,1744146115.6994243,0.04052329063415527
1225,1744146115.6604137,1744146115.6946049,0.034191131591796875
1226,1744146115.662554,1744146115.6998665,0.03731250762939453
1227,1744146115.6674054,1744146115.7033465,0.035941123962402344
1228,1744146115.669564,1744146115.7063532,0.0367891788482666
1229,1744146115.6750185,1744146115.7086036,0.0335850715637207
1230,1744146115.6819727,1744146115.7175012,0.03552842140197754
1231,1744146115.69066,1744146115.7280717,0.03741168975830078
1232,1744146115.6946557,1744146115.7338004,0.03914475440979004
1233,1744146115.6951058,1744146115.7349262,0.03982043266296387
1234,1744146115.6966703,1744146115.739977,0.043306589126586914
1235,1744146115.699479,1744146115.740434,0.0409548282623291
1236,1744146115.6999125,1744146115.7409246,0.04101204872131348
1237,1744146115.703386,1744146115.742995,0.03960895538330078
1238,1744146115.7064044,1744146115.7421885,0.035784006118774414
1239,1744146115.7086492,1744146115.7425787,0.03392958641052246
1240,1744146115.717544,1744146115.7488313,0.031287193298339844
1241,1744146115.728123,1744146115.7562244,0.028101444244384766
1242,1744146115.7338438,1744146115.7633545,0.0295107364654541
1243,1744146115.734977,1744146115.7744112,0.039434194564819336
1244,1744146115.7400246,1744146115.773864,0.03383946418762207
1245,1744146115.7404728,1744146115.7856522,0.04517936706542969
1246,1744146115.740985,1744146115.783586,0.04260110855102539
1247,1744146115.742237,1744146115.78295,0.040712833404541016
1248,1744146115.7426684,1744146115.7945867,0.05191826820373535
1249,1744146115.7430303,1744146115.7918801,0.04884982109069824
1250,1744146115.7488813,1744146115.790299,0.041417598724365234
1251,1744146115.7562745,1744146115.7925391,0.036264657974243164
1252,1744146115.7634087,1744146115.8034976,0.04008889198303223
1253,1744146115.7739058,1744146115.814187,0.04028129577636719
1254,1744146115.77445,1744146115.8146133,0.040163278579711914
1255,1744146115.7829983,1744146115.823579,0.04058074951171875
1256,1744146115.7836442,1744146115.8239946,0.04035043716430664
1257,1744146115.7857344,1744146115.8243272,0.03859281539916992
1258,1744146115.7903655,1744146115.8249497,0.03458428382873535
1259,1744146115.7919483,1744146115.834483,0.042534589767456055
1260,1744146115.792592,1744146115.8306475,0.038055419921875
1261,1744146115.794684,1744146115.8323033,0.03761935234069824
1262,1744146115.8035548,1744146115.8424573,0.03890252113342285
1263,1744146115.8142672,1744146115.8573477,0.04308056831359863
1264,1744146115.8147054,1744146115.858985,0.04427957534790039
1265,1744146115.8236454,1744146115.8621116,0.03846621513366699
1266,1744146115.8240528,1744146115.8615153,0.037462472915649414
1267,1744146115.8243742,1744146115.8638265,0.039452314376831055
1268,1744146115.8249958,1744146115.8730006,0.048004865646362305
1269,1744146115.8306916,1744146115.8768523,0.04616069793701172
1270,1744146115.8323367,1744146115.8704965,0.038159847259521484
1271,1744146115.8345132,1744146115.872073,0.03755974769592285
1272,1744146115.8424969,1744146115.883323,0.04082608222961426
1273,1744146115.8573923,1744146115.8956213,0.03822898864746094
1274,1744146115.85902,1744146115.9021466,0.043126583099365234
1275,1744146115.8615482,1744146115.8976448,0.03609657287597656
1276,1744146115.8621566,1744146115.8979847,0.0358281135559082
1277,1744146115.863859,1744146115.901421,0.03756213188171387
1278,1744146115.8705447,1744146115.9065976,0.03605294227600098
1279,1744146115.8721085,1744146115.9072707,0.03516221046447754
1280,1744146115.8730323,1744146115.918636,0.04560375213623047
1281,1744146115.8768876,1744146115.9137673,0.036879777908325195
1282,1744146115.8833568,1744146115.9255807,0.04222393035888672
1283,1744146115.8956594,1744146115.935467,0.03980755805969238
1284,1744146115.8976965,1744146115.940395,0.04269862174987793
1285,1744146115.8980143,1744146115.943809,0.04579472541809082
1286,1744146115.901452,1744146115.9370265,0.03557443618774414
1287,1744146115.9021811,1744146115.9386163,0.03643512725830078
1288,1744146115.90663,1744146115.944778,0.038147926330566406
1289,1744146115.9073,1744146115.944156,0.03685593605041504
1290,1744146115.9138,1744146115.9523292,0.038529157638549805
1291,1744146115.918668,1744146115.9596279,0.040959835052490234
1292,1744146115.925618,1744146115.9684432,0.04282522201538086
1293,1744146115.935502,1744146115.9798543,0.04435229301452637
1294,1744146115.937074,1744146115.9752107,0.03813672065734863
1295,1744146115.9386494,1744146115.98637,0.04772067070007324
1296,1744146115.9404287,1744146115.982631,0.04220223426818848
1297,1744146115.9438434,1744146115.9844613,0.040617942810058594
1298,1744146115.9441912,1744146115.9814365,0.03724527359008789
1299,1744146115.9448602,1744146115.9898224,0.044962167739868164
1300,1744146115.95247,1744146115.9854302,0.03296017646789551
1301,1744146115.9597337,1744146115.9909134,0.03117966651916504
1302,1744146115.968549,1744146116.0055056,0.0369565486907959
1303,1744146115.975313,1744146116.0099516,0.03463864326477051
1304,1744146115.979972,1744146116.019127,0.039155006408691406
1305,1744146115.9815655,1744146116.0265622,0.04499673843383789
1306,1744146115.982756,1744146116.0221834,0.03942751884460449
1307,1744146115.984559,1744146116.0251276,0.04056859016418457
1308,1744146115.985564,1744146116.0212767,0.03571271896362305
1309,1744146115.9864674,1744146116.0280943,0.041626930236816406
1310,1744146115.9899387,1744146116.0269094,0.03697061538696289
1311,1744146115.991019,1744146116.0300457,0.039026737213134766
1312,1744146116.005542,1744146116.0447934,0.03925132751464844
1313,1744146116.0099828,1744146116.048789,0.03880620002746582
1314,1744146116.0191672,1744146116.0562336,0.03706645965576172
1315,1744146116.021306,1744146116.056195,0.03488898277282715
1316,1744146116.0222244,1744146116.0607867,0.03856229782104492
1317,1744146116.0251565,1744146116.0694656,0.044309139251708984
1318,1744146116.0265913,1744146116.0666013,0.04000997543334961
1319,1744146116.0269372,1744146116.0649488,0.03801155090332031
1320,1744146116.0281227,1744146116.071783,0.04366040229797363
1321,1744146116.030074,1744146116.0680065,0.037932634353637695
1322,1744146116.0448358,1744146116.0826674,0.03783154487609863
1323,1744146116.0488183,1744146116.0786366,0.029818296432495117
1324,1744146116.0562563,1744146116.0969155,0.040659189224243164
1325,1744146116.0563354,1744146116.0940075,0.03767204284667969
1326,1744146116.0608938,1744146116.0938506,0.032956838607788086
1327,1744146116.06513,1744146116.1027029,0.03757286071777344
1328,1744146116.0667534,1744146116.10513,0.038376569747924805
1329,1744146116.0682359,1744146116.1064138,0.0381779670715332
1330,1744146116.0696151,1744146116.114549,0.04493379592895508
1331,1744146116.0719056,1744146116.1112146,0.039309024810791016
1332,1744146116.0787501,1744146116.1110764,0.03232622146606445
1333,1744146116.0827754,1744146116.1251783,0.04240298271179199
1334,1744146116.094166,1744146116.1321087,0.03794264793395996
1335,1744146116.0944602,1744146116.1337702,0.03930997848510742
1336,1744146116.097071,1744146116.1359878,0.038916826248168945
1337,1744146116.1028345,1744146116.1433387,0.04050421714782715
1338,1744146116.1052835,1744146116.144766,0.03948259353637695
1339,1744146116.1065335,1744146116.1513233,0.044789791107177734
1340,1744146116.1113498,1744146116.1555152,0.04416537284851074
1341,1744146116.1116498,1744146116.1493893,0.03773951530456543
1342,1744146116.1147058,1744146116.147942,0.03323626518249512
1343,1744146116.1253104,1744146116.1680324,0.04272198677062988
1344,1744146116.132321,1744146116.1697888,0.03746795654296875
1345,1744146116.1339543,1744146116.17382,0.039865732192993164
1346,1744146116.1361628,1744146116.1756518,0.039489030838012695
1347,1744146116.143522,1744146116.1871912,0.04366922378540039
1348,1744146116.144882,1744146116.1858237,0.040941715240478516
1349,1744146116.1481118,1744146116.1800735,0.031961679458618164
1350,1744146116.149519,1744146116.188737,0.03921794891357422
1351,1744146116.1514926,1744146116.184234,0.03274130821228027
1352,1744146116.1557002,1744146116.1995769,0.04387664794921875
1353,1744146116.168184,1744146116.2079346,0.03975057601928711
1354,1744146116.1699405,1744146116.2088566,0.03891611099243164
1355,1744146116.1740067,1744146116.20701,0.03300333023071289
1356,1744146116.1758637,1744146116.2200205,0.044156789779663086
1357,1744146116.1801987,1744146116.216946,0.03674721717834473
1358,1744146116.1843865,1744146116.2243905,0.04000401496887207
1359,1744146116.1859868,1744146116.2183008,0.03231406211853027
1360,1744146116.1874237,1744146116.2297213,0.0422976016998291
1361,1744146116.1888835,1744146116.2256548,0.036771297454833984
1362,1744146116.1997302,1744146116.2393374,0.03960728645324707
1363,1744146116.2071722,1744146116.2479978,0.040825605392456055
1364,1744146116.2080243,1744146116.245193,0.03716874122619629
1365,1744146116.2089605,1744146116.2490826,0.040122032165527344
1366,1744146116.217036,1744146116.2589676,0.0419316291809082
1367,1744146116.2183897,1744146116.2539802,0.035590410232543945
1368,1744146116.2201476,1744146116.2658224,0.045674800872802734
1369,1744146116.2245085,1744146116.262688,0.03817939758300781
1370,1744146116.2257946,1744146116.2641592,0.03836464881896973
1371,1744146116.2298625,1744146116.2725947,0.04273223876953125
1372,1744146116.2394419,1744146116.2774353,0.037993431091308594
1373,1744146116.2453253,1744146116.2907577,0.045432329177856445
1374,1744146116.2481203,1744146116.2849076,0.03678727149963379
1375,1744146116.2491937,1744146116.2925136,0.0433199405670166
1376,1744146116.2541015,1744146116.2915242,0.03742265701293945
1377,1744146116.259084,1744146116.3015835,0.042499542236328125
1378,1744146116.2627723,1744146116.300824,0.038051605224609375
1379,1744146116.264287,1744146116.3055003,0.041213274002075195
1380,1744146116.265916,1744146116.3021815,0.03626537322998047
1381,1744146116.2727613,1744146116.3102493,0.03748798370361328
1382,1744146116.2775228,1744146116.3144214,0.03689861297607422
1383,1744146116.2850027,1744146116.32181,0.03680729866027832
1384,1744146116.2908509,1744146116.3306954,0.039844512939453125
1385,1744146116.2916083,1744146116.332713,0.04110455513000488
1386,1744146116.2925828,1744146116.338725,0.0461423397064209
1387,1744146116.3008878,1744146116.3393724,0.03848457336425781
1388,1744146116.3017213,1744146116.3436487,0.041927337646484375
1389,1744146116.3022366,1744146116.344957,0.04272055625915527
1390,1744146116.3055818,1744146116.3418953,0.036313533782958984
1391,1744146116.3103106,1744146116.3475173,0.03720664978027344
1392,1744146116.314491,1744146116.3505285,0.036037445068359375
1393,1744146116.3218658,1744146116.35529,0.03342413902282715
1394,1744146116.3307476,1744146116.3700688,0.039321184158325195
1395,1744146116.332794,1744146116.3717756,0.03898167610168457
1396,1744146116.3387957,1744146116.3737123,0.03491663932800293
1397,1744146116.3394237,1744146116.377327,0.0379033088684082
1398,1744146116.3419492,1744146116.3789642,0.03701496124267578
1399,1744146116.3437002,1744146116.3881364,0.04443621635437012
1400,1744146116.3450074,1744146116.3837445,0.03873705863952637
1401,1744146116.3475623,1744146116.3889189,0.041356563568115234
1402,1744146116.3505723,1744146116.3954973,0.04492497444152832
1403,1744146116.3553343,1744146116.3935213,0.03818702697753906
1404,1744146116.3701265,1744146116.4100838,0.039957284927368164
1405,1744146116.3718307,1744146116.4112487,0.03941798210144043
1406,1744146116.3737638,1744146116.4151657,0.04140186309814453
1407,1744146116.3773794,1744146116.4125016,0.03512215614318848
1408,1744146116.3790145,1744146116.41739,0.0383756160736084
1409,1744146116.3837888,1744146116.4265559,0.04276704788208008
1410,1744146116.3881924,1744146116.4293685,0.04117608070373535
1411,1744146116.3889542,1744146116.4255233,0.03656911849975586
1412,1744146116.393565,1744146116.4306986,0.03713369369506836
1413,1744146116.3955364,1744146116.4351912,0.03965473175048828
1414,1744146116.4101489,1744146116.451888,0.04173922538757324
1415,1744146116.4113052,1744146116.4510112,0.03970599174499512
1416,1744146116.4125586,1744146116.4463096,0.03375101089477539
1417,1744146116.4152162,1744146116.455014,0.03979778289794922
1418,1744146116.4174554,1744146116.4560509,0.03859543800354004
1419,1744146116.4256,1744146116.4672234,0.04162335395812988
1420,1744146116.4266212,1744146116.474865,0.04824376106262207
1421,1744146116.4294121,1744146116.4682987,0.03888654708862305
1422,1744146116.4307392,1744146116.4754527,0.044713497161865234
1423,1744146116.4352386,1744146116.4722803,0.037041664123535156
1424,1744146116.446385,1744146116.48408,0.03769516944885254
1425,1744146116.4510589,1744146116.489179,0.03812003135681152
1426,1744146116.451921,1744146116.4960992,0.04417824745178223
1427,1744146116.4550636,1744146116.4932618,0.038198232650756836
1428,1744146116.4561126,1744146116.4905345,0.03442192077636719
1429,1744146116.4672706,1744146116.5029714,0.03570079803466797
1430,1744146116.4683287,1744146116.5125194,0.04419064521789551
1431,1744146116.4723122,1744146116.5131686,0.040856361389160156
1432,1744146116.4749234,1744146116.510378,0.035454511642456055
1433,1744146116.475511,1744146116.5198088,0.04429769515991211
1434,1744146116.4841433,1744146116.5159972,0.03185391426086426
1435,1744146116.4892378,1744146116.5328543,0.043616533279418945
1436,1744146116.4905934,1744146116.5265727,0.035979270935058594
1437,1744146116.4933202,1744146116.5347164,0.041396141052246094
1438,1744146116.4961584,1744146116.5391905,0.043032169342041016
1439,1744146116.5030408,1744146116.5353556,0.03231477737426758
1440,1744146116.5104575,1744146116.5503333,0.03987574577331543
1441,1744146116.5125911,1744146116.5595553,0.046964168548583984
1442,1744146116.5132308,1744146116.5519843,0.038753509521484375
1443,1744146116.5160632,1744146116.5547018,0.03863859176635742
1444,1744146116.5198805,1744146116.560155,0.04027438163757324
1445,1744146116.5266402,1744146116.5606704,0.03403019905090332
1446,1744146116.532916,1744146116.5691652,0.03624916076660156
1447,1744146116.5347908,1744146116.5652957,0.030504941940307617
1448,1744146116.5354202,1744146116.571912,0.03649187088012695
1449,1744146116.5392554,1744146116.5779152,0.03865981101989746
1450,1744146116.5504014,1744146116.5907853,0.04038381576538086
1451,1744146116.5520484,1744146116.593193,0.041144609451293945
1452,1744146116.5547664,1744146116.5943654,0.039598941802978516
1453,1744146116.5596385,1744146116.5973244,0.03768587112426758
1454,1744146116.5602388,1744146116.5963821,0.03614330291748047
1455,1744146116.5607257,1744146116.6006532,0.03992748260498047
1456,1744146116.5653548,1744146116.5998425,0.03448772430419922
1457,1744146116.569223,1744146116.6050866,0.035863637924194336
1458,1744146116.5719757,1744146116.6085203,0.0365445613861084
1459,1744146116.5779746,1744146116.615075,0.03710055351257324
1460,1744146116.5908468,1744146116.6279643,0.03711748123168945
1461,1744146116.593252,1744146116.6295362,0.03628420829772949
1462,1744146116.5944228,1744146116.6343076,0.03988480567932129
1463,1744146116.596441,1744146116.6318238,0.035382747650146484
1464,1744146116.5973825,1744146116.6365447,0.03916215896606445
1465,1744146116.599902,1744146116.6446624,0.04476046562194824
1466,1744146116.6007097,1744146116.641146,0.0404362678527832
1467,1744146116.605147,1744146116.6490247,0.04387784004211426
1468,1744146116.6085808,1744146116.6530519,0.044471025466918945
1469,1744146116.6151216,1744146116.6536999,0.03857827186584473
1470,1744146116.6280072,1744146116.6712077,0.04320049285888672
1471,1744146116.6295722,1744146116.6727178,0.04314565658569336
1472,1744146116.6318533,1744146116.6661491,0.03429579734802246
1473,1744146116.6343389,1744146116.6660938,0.03175497055053711
1474,1744146116.6365778,1744146116.6705415,0.033963680267333984
1475,1744146116.6411803,1744146116.6760457,0.034865379333496094
1476,1744146116.6447017,1744146116.6848588,0.04015707969665527
1477,1744146116.6490893,1744146116.6901128,0.04102349281311035
1478,1744146116.6530943,1744146116.69535,0.04225564002990723
1479,1744146116.6537468,1744146116.69261,0.038863182067871094
1480,1744146116.6661777,1744146116.703797,0.03761935234069824
1481,1744146116.666288,1744146116.712044,0.04575610160827637
1482,1744146116.6705766,1744146116.7098255,0.03924894332885742
1483,1744146116.671241,1744146116.7137098,0.04246878623962402
1484,1744146116.672749,1744146116.7127721,0.040023088455200195
1485,1744146116.6760871,1744146116.7204225,0.044335365295410156
1486,1744146116.6848946,1744146116.7209146,0.03602004051208496
1487,1744146116.6901462,1744146116.7296169,0.039470672607421875
1488,1744146116.692641,1744146116.7269423,0.0343012809753418
1489,1744146116.6953814,1744146116.7369611,0.0415797233581543
1490,1744146116.7038288,1744146116.741344,0.03751516342163086
1491,1744146116.709873,1744146116.7504065,0.04053354263305664
1492,1744146116.7120953,1744146116.7503119,0.038216590881347656
1493,1744146116.7128158,1744146116.7546685,0.041852712631225586
1494,1744146116.7137837,1744146116.7586188,0.04483509063720703
1495,1744146116.7204864,1744146116.756121,0.035634517669677734
1496,1744146116.720983,1744146116.756208,0.03522491455078125
1497,1744146116.7270348,1744146116.7617593,0.03472447395324707
1498,1744146116.7297528,1744146116.7687387,0.0389859676361084
1499,1744146116.7370715,1744146116.7785869,0.041515350341796875
1500,1744146116.741466,1744146116.775289,0.03382301330566406
1501,1744146116.7504666,1744146116.7879097,0.03744316101074219
1502,1744146116.7506545,1744146116.791596,0.040941476821899414
1503,1744146116.7547731,1744146116.7963343,0.041561126708984375
1504,1744146116.75627,1744146116.7927897,0.036519765853881836
1505,1744146116.7564285,1744146116.798561,0.04213261604309082
1506,1744146116.7587123,1744146116.8005955,0.041883230209350586
1507,1744146116.7618823,1744146116.8014176,0.0395352840423584
1508,1744146116.7688882,1744146116.8114545,0.04256629943847656
1509,1744146116.7754014,1744146116.8180306,0.042629241943359375
1510,1744146116.7786736,1744146116.8213005,0.04262685775756836
1511,1744146116.7880301,1744146116.8356698,0.04763960838317871
1512,1744146116.7916856,1744146116.8326814,0.04099583625793457
1513,1744146116.792858,1744146116.8402457,0.04738783836364746
1514,1744146116.7964082,1744146116.8351254,0.03871726989746094
1515,1744146116.7986488,1744146116.8373294,0.0386805534362793
1516,1744146116.8006773,1744146116.8419073,0.041229963302612305
1517,1744146116.8014772,1744146116.8395948,0.03811764717102051
1518,1744146116.8115568,1744146116.848773,0.0372161865234375
1519,1744146116.8181105,1744146116.8534698,0.03535938262939453
1520,1744146116.821366,1744146116.8631303,0.041764259338378906
1521,1744146116.8327627,1744146116.872973,0.04021024703979492
1522,1744146116.8351998,1744146116.8689084,0.03370857238769531
1523,1744146116.835722,1744146116.88122,0.04549813270568848
1524,1744146116.8373897,1744146116.8805387,0.04314899444580078
1525,1744146116.8396475,1744146116.876079,0.03643155097961426
1526,1744146116.8402984,1744146116.8855789,0.04528045654296875
1527,1744146116.8419583,1744146116.8838549,0.04189658164978027
1528,1744146116.8488379,1744146116.881658,0.03282022476196289
1529,1744146116.8535225,1744146116.8895211,0.03599858283996582
1530,1744146116.8631861,1744146116.8960435,0.032857418060302734
1531,1744146116.868965,1744146116.9060414,0.037076473236083984
1532,1744146116.8730175,1744146116.91305,0.040032386779785156
1533,1744146116.876122,1744146116.9089804,0.03285837173461914
1534,1744146116.880582,1744146116.9162014,0.035619258880615234
1535,1744146116.881275,1744146116.9157326,0.03445768356323242
1536,1744146116.8817294,1744146116.9229286,0.0411992073059082
1537,1744146116.883912,1744146116.9268582,0.04294610023498535
1538,1744146116.8856313,1744146116.930825,0.04519367218017578
1539,1744146116.8895774,1744146116.9261017,0.036524295806884766
1540,1744146116.8960924,1744146116.9349315,0.038839101791381836
1541,1744146116.9060898,1744146116.9498508,0.04376101493835449
1542,1744146116.909029,1744146116.9464567,0.037427663803100586
1543,1744146116.9130957,1744146116.9529634,0.03986763954162598
1544,1744146116.9157784,1744146116.952189,0.03641057014465332
1545,1744146116.9162476,1744146116.9550488,0.03880119323730469
1546,1744146116.922981,1744146116.9670258,0.04404473304748535
1547,1744146116.9261513,1744146116.959532,0.033380746841430664
1548,1744146116.9269063,1744146116.9724593,0.045552968978881836
1549,1744146116.9308739,1744146116.9712992,0.04042530059814453
1550,1744146116.9349816,1744146116.9762287,0.04124712944030762
1551,1744146116.9465425,1744146116.9867654,0.040222883224487305
1552,1744146116.9499097,1744146116.9903948,0.04048514366149902
1553,1744146116.9522448,1744146116.9945433,0.04229855537414551
1554,1744146116.9530108,1744146116.9896472,0.0366363525390625
1555,1744146116.9551027,1744146116.9939072,0.03880453109741211
1556,1744146116.9595842,1744146116.9972277,0.0376434326171875
1557,1744146116.9671164,1744146117.0079288,0.04081249237060547
1558,1744146116.971385,1744146117.0097613,0.0383763313293457
1559,1744146116.9725182,1744146117.0139854,0.04146718978881836
1560,1744146116.9762821,1744146117.018868,0.04258584976196289
1561,1744146116.9868238,1744146117.0242436,0.037419795989990234
1562,1744146116.989726,1744146117.0315335,0.04180741310119629
1563,1744146116.9904397,1744146117.0359833,0.045543670654296875
1564,1744146116.9939535,1744146117.0321858,0.03823232650756836
1565,1744146116.9945889,1744146117.0309453,0.036356449127197266
1566,1744146116.9972734,1744146117.042174,0.04490065574645996
1567,1744146117.007977,1744146117.0439641,0.035987138748168945
1568,1744146117.009806,1744146117.0472262,0.03742027282714844
1569,1744146117.014015,1744146117.0519822,0.03796720504760742
1570,1744146117.018897,1744146117.0564535,0.03755640983581543
1571,1744146117.024303,1744146117.0628958,0.03859281539916992
1572,1744146117.0310287,1744146117.0737572,0.042728424072265625
1573,1744146117.0315952,1744146117.071404,0.03980875015258789
1574,1744146117.0322404,1744146117.0721126,0.039872169494628906
1575,1744146117.0360646,1744146117.0799406,0.043875932693481445
1576,1744146117.0422678,1744146117.0794473,0.03717947006225586
1577,1744146117.044041,1744146117.0781817,0.034140825271606445
1578,1744146117.0472999,1744146117.078903,0.031603097915649414
1579,1744146117.052044,1744146117.08937,0.03732609748840332
1580,1744146117.0565386,1744146117.0856194,0.029080867767333984
1581,1744146117.062953,1744146117.0974603,0.03450727462768555
1582,1744146117.0714667,1744146117.1150167,0.04355001449584961
1583,1744146117.0721643,1744146117.1103988,0.03823447227478027
1584,1744146117.0738058,1744146117.1149545,0.04114866256713867
1585,1744146117.0782385,1744146117.1172543,0.039015769958496094
1586,1744146117.0789554,1744146117.1127846,0.0338292121887207
1587,1744146117.0794964,1744146117.1161168,0.036620378494262695
1588,1744146117.0799906,1744146117.1178017,0.0378110408782959
1589,1744146117.0856993,1744146117.119431,0.033731698989868164
1590,1744146117.0894241,1744146117.123039,0.0336148738861084
1591,1744146117.0975177,1744146117.1259634,0.028445720672607422
1592,1744146117.1104906,1744146117.1462579,0.035767316818237305
1593,1744146117.1128693,1744146117.1498642,0.03699493408203125
1594,1744146117.1150584,1744146117.1525853,0.037526845932006836
1595,1744146117.1152172,1744146117.1570568,0.041839599609375
1596,1744146117.1161714,1744146117.1564884,0.04031705856323242
1597,1744146117.1173093,1744146117.1614616,0.044152259826660156
1598,1744146117.117855,1744146117.1592786,0.04142355918884277
1599,1744146117.1194963,1744146117.16347,0.043973684310913086
1600,1744146117.123118,1744146117.166394,0.043276071548461914
1601,1744146117.1260238,1744146117.170342,0.044318199157714844
1602,1744146117.14632,1744146117.1880898,0.04176974296569824
1603,1744146117.1499228,1744146117.1872573,0.037334442138671875
1604,1744146117.1526413,1744146117.190648,0.03800678253173828
1605,1744146117.1565444,1744146117.1960852,0.039540767669677734
1606,1744146117.1571093,1744146117.1923223,0.03521299362182617
1607,1744146117.159336,1744146117.1935356,0.03419947624206543
1608,1744146117.1615164,1744146117.1954074,0.03389096260070801
1609,1744146117.1635258,1744146117.201649,0.038123130798339844
1610,1744146117.1664596,1744146117.1996493,0.03318977355957031
1611,1744146117.170427,1744146117.207991,0.03756380081176758
1612,1744146117.1873636,1744146117.223917,0.036553382873535156
1613,1744146117.1881702,1744146117.2277598,0.039589643478393555
1614,1744146117.1907098,1744146117.2260413,0.03533148765563965
1615,1744146117.1923804,1744146117.2330492,0.04066872596740723
1616,1744146117.19362,1744146117.2398808,0.046260833740234375
1617,1744146117.1954813,1744146117.243247,0.04776573181152344
1618,1744146117.1961572,1744146117.2439187,0.04776144027709961
1619,1744146117.1997066,1744146117.245943,0.046236515045166016
1620,1744146117.2017808,1744146117.242647,0.04086613655090332
1621,1744146117.2080524,1744146117.2411873,0.03313493728637695
1622,1744146117.2239804,1744146117.2539783,0.029997825622558594
1623,1744146117.226106,1744146117.2589808,0.03287482261657715
1624,1744146117.2278178,1744146117.2622848,0.03446698188781738
1625,1744146117.233116,1744146117.2738404,0.04072451591491699
1626,1744146117.2399445,1744146117.2798965,0.03995203971862793
1627,1744146117.2412477,1744146117.2786112,0.037363529205322266
1628,1744146117.2427037,1744146117.2813544,0.0386507511138916
1629,1744146117.2433047,1744146117.2914588,0.04815411567687988
1630,1744146117.2439904,1744146117.2873871,0.043396711349487305
1631,1744146117.246001,1744146117.2977285,0.0517275333404541
1632,1744146117.2540474,1744146117.2977924,0.04374504089355469
1633,1744146117.2590404,1744146117.2943769,0.03533649444580078
1634,1744146117.2623425,1744146117.3046086,0.042266130447387695
1635,1744146117.2739096,1744146117.315839,0.04192948341369629
1636,1744146117.278669,1744146117.3244083,0.045739173889160156
1637,1744146117.279952,1744146117.3183365,0.038384437561035156
1638,1744146117.2814114,1744146117.3231606,0.04174923896789551
1639,1744146117.2874544,1744146117.3238294,0.03637504577636719
1640,1744146117.2915187,1744146117.33296,0.04144120216369629
1641,1744146117.2944415,1744146117.3402407,0.04579925537109375
1642,1744146117.2978363,1744146117.3362231,0.03838682174682617
1643,1744146117.297955,1744146117.3414018,0.04344677925109863
1644,1744146117.3046741,1744146117.348082,0.04340791702270508
1645,1744146117.3159385,1744146117.3584516,0.042513132095336914
1646,1744146117.3184297,1744146117.3628094,0.04437971115112305
1647,1744146117.3232472,1744146117.360978,0.03773069381713867
1648,1744146117.323901,1744146117.3659282,0.04202723503112793
1649,1744146117.3244638,1744146117.3689077,0.04444384574890137
1650,1744146117.3330183,1744146117.3665252,0.03350687026977539
1651,1744146117.33631,1744146117.3799338,0.043623924255371094
1652,1744146117.3403244,1744146117.3769321,0.03660774230957031
1653,1744146117.3414783,1744146117.3919997,0.0505213737487793
1654,1744146117.3481605,1744146117.386366,0.03820538520812988
1655,1744146117.3585515,1744146117.396786,0.03823447227478027
1656,1744146117.3610446,1744146117.4045641,0.04351949691772461
1657,1744146117.3628724,1744146117.4001172,0.03724479675292969
1658,1744146117.3659966,1744146117.4022124,0.036215782165527344
1659,1744146117.3665884,1744146117.4007099,0.03412151336669922
1660,1744146117.368975,1744146117.413503,0.04452800750732422
1661,1744146117.3770044,1744146117.4095645,0.032560110092163086
1662,1744146117.3799992,1744146117.4222562,0.042257070541381836
1663,1744146117.3864403,1744146117.430071,0.04363083839416504
1664,1744146117.3920689,1744146117.4310973,0.03902840614318848
1665,1744146117.3968644,1744146117.439663,0.042798519134521484
1666,1744146117.4001858,1744146117.4326417,0.0324559211730957
1667,1744146117.4007707,1744146117.4351208,0.03435015678405762
1668,1744146117.4022636,1744146117.4422753,0.04001164436340332
1669,1744146117.4046166,1744146117.4447892,0.040172576904296875
1670,1744146117.409618,1744146117.4532518,0.04363393783569336
1671,1744146117.4135504,1744146117.4611218,0.047571420669555664
1672,1744146117.422321,1744146117.4611673,0.03884625434875488
1673,1744146117.43013,1744146117.4638822,0.0337522029876709
1674,1744146117.4311378,1744146117.470568,0.03943014144897461
1675,1744146117.4326806,1744146117.4712098,0.038529157638549805
1676,1744146117.4351726,1744146117.4758115,0.04063892364501953
1677,1744146117.4397206,1744146117.4790745,0.03935384750366211
1678,1744146117.442327,1744146117.4811966,0.038869619369506836
1679,1744146117.4448214,1744146117.4855597,0.04073834419250488
1680,1744146117.4533105,1744146117.497159,0.043848514556884766
1681,1744146117.4612064,1744146117.5018241,0.04061770439147949
1682,1744146117.4612916,1744146117.4963102,0.0350186824798584
1683,1744146117.4639158,1744146117.5069222,0.04300642013549805
1684,1744146117.470634,1744146117.512951,0.04231691360473633
1685,1744146117.4712896,1744146117.5108552,0.0395655632019043
1686,1744146117.4758666,1744146117.5176265,0.04175996780395508
1687,1744146117.4791374,1744146117.515988,0.036850690841674805
1688,1744146117.4812515,1744146117.5152235,0.03397202491760254
1689,1744146117.4856153,1744146117.5281322,0.04251694679260254
1690,1744146117.4963665,1744146117.5352232,0.03885674476623535
1691,1744146117.4972131,1744146117.5409193,0.04370617866516113
1692,1744146117.5018804,1744146117.5381942,0.036313772201538086
1693,1744146117.506978,1744146117.5460908,0.03911280632019043
1694,1744146117.5109107,1744146117.5559335,0.04502272605895996
1695,1744146117.513006,1744146117.5493298,0.03632378578186035
1696,1744146117.5152798,1744146117.5514793,0.03619956970214844
1697,1744146117.5160437,1744146117.5520883,0.03604459762573242
1698,1744146117.517689,1744146117.5588443,0.041155338287353516
1699,1744146117.5281906,1744146117.5705006,0.04230999946594238
1700,1744146117.535281,1744146117.5780106,0.04272961616516113
1701,1744146117.538252,1744146117.5720797,0.03382754325866699
1702,1744146117.5409763,1744146117.578984,0.03800773620605469
1703,1744146117.5461483,1744146117.5809884,0.03484010696411133
1704,1744146117.5493867,1744146117.587292,0.037905216217041016
1705,1744146117.55154,1744146117.5900884,0.03854846954345703
1706,1744146117.5521472,1744146117.59543,0.04328274726867676
1707,1744146117.5559986,1744146117.5987139,0.04271531105041504
1708,1744146117.5589077,1744146117.5927489,0.03384113311767578
1709,1744146117.5705647,1744146117.6126933,0.042128562927246094
1710,1744146117.5721436,1744146117.6098487,0.037705183029174805
1711,1744146117.5780733,1744146117.6187975,0.04072427749633789
1712,1744146117.5790467,1744146117.6177962,0.03874945640563965
1713,1744146117.5810516,1744146117.6271303,0.04607868194580078
1714,1744146117.587376,1744146117.6320717,0.04469561576843262
1715,1744146117.5901449,1744146117.629914,0.03976917266845703
1716,1744146117.5928051,1744146117.636366,0.04356074333190918
1717,1744146117.5954866,1744146117.6282372,0.032750606536865234
1718,1744146117.59877,1744146117.6412117,0.04244184494018555
1719,1744146117.609917,1744146117.6502888,0.04037189483642578
1720,1744146117.6127582,1744146117.6575644,0.04480624198913574
1721,1744146117.6178403,1744146117.658635,0.04079461097717285
1722,1744146117.618839,1744146117.6562035,0.03736448287963867
1723,1744146117.6271744,1744146117.6659403,0.038765907287597656
1724,1744146117.628279,1744146117.666669,0.03838992118835449
1725,1744146117.6299558,1744146117.6742535,0.04429769515991211
1726,1744146117.6321118,1744146117.6789882,0.04687643051147461
1727,1744146117.636406,1744146117.675878,0.039472103118896484
1728,1744146117.6412604,1744146117.6852138,0.04395341873168945
1729,1744146117.650335,1744146117.692328,0.041992902755737305
1730,1744146117.656247,1744146117.6959453,0.03969836235046387
1731,1744146117.6576052,1744146117.6990073,0.04140210151672363
1732,1744146117.6586752,1744146117.693871,0.03519582748413086
1733,1744146117.665992,1744146117.7034106,0.03741860389709473
1734,1744146117.6667128,1744146117.7015345,0.03482174873352051
1735,1744146117.6743026,1744146117.7191896,0.04488706588745117
1736,1744146117.6759162,1744146117.714776,0.03885984420776367
1737,1744146117.6790285,1744146117.7227333,0.04370474815368652
1738,1744146117.6852539,1744146117.7251027,0.03984880447387695
1739,1744146117.6923697,1744146117.73585,0.04348039627075195
1740,1744146117.6939094,1744146117.7421386,0.048229217529296875
1741,1744146117.6959815,1744146117.7351627,0.03918123245239258
1742,1744146117.699059,1744146117.742312,0.04325294494628906
1743,1744146117.7015815,1744146117.7422478,0.04066634178161621
1744,1744146117.703452,1744146117.7437809,0.0403287410736084
1745,1744146117.714853,1744146117.74458,0.02972698211669922
1746,1744146117.7192528,1744146117.749291,0.030038118362426758
1747,1744146117.7228208,1744146117.7524123,0.02959156036376953
1748,1744146117.7251866,1744146117.75463,0.02944350242614746
1749,1744146117.7352264,1744146117.7676988,0.03247237205505371
1750,1744146117.7359293,1744146117.7698727,0.03394341468811035
1751,1744146117.7423995,1744146117.7782445,0.035845041275024414
1752,1744146117.7425802,1744146117.7876642,0.04508399963378906
1753,1744146117.7427285,1744146117.7868514,0.044122934341430664
1754,1744146117.7438571,1744146117.785033,0.04117584228515625
1755,1744146117.7446318,1744146117.7859244,0.041292667388916016
1756,1744146117.7493598,1744146117.7965612,0.04720139503479004
1757,1744146117.7524734,1744146117.7938263,0.04135298728942871
1758,1744146117.7546856,1744146117.7951415,0.04045581817626953
1759,1744146117.7677698,1744146117.8066068,0.03883695602416992
1760,1744146117.7699285,1744146117.8119795,0.042051076889038086
1761,1744146117.778327,1744146117.8150113,0.036684274673461914
1762,1744146117.785175,1744146117.8257928,0.04061770439147949
1763,1744146117.7859895,1744146117.8360353,0.05004572868347168
1764,1744146117.7869241,1744146117.8308923,0.04396820068359375
1765,1744146117.7877448,1744146117.8340578,0.04631304740905762
1766,1744146117.7939444,1744146117.8315103,0.03756594657897949
1767,1744146117.7952378,1744146117.8346038,0.03936600685119629
1768,1744146117.7966344,1744146117.836469,0.03983449935913086
1769,1744146117.8066957,1744146117.8425877,0.03589200973510742
1770,1744146117.8120494,1744146117.8486502,0.03660082817077637
1771,1744146117.8150842,1744146117.8527274,0.0376431941986084
1772,1744146117.825853,1744146117.8732777,0.0474245548248291
1773,1744146117.8309488,1744146117.8690274,0.03807854652404785
1774,1744146117.8315604,1744146117.8738647,0.042304277420043945
1775,1744146117.8340986,1744146117.8735814,0.039482831954956055
1776,1744146117.8346395,1744146117.8754063,0.04076671600341797
1777,1744146117.8360896,1744146117.872992,0.036902427673339844
1778,1744146117.836511,1744146117.8770864,0.040575504302978516
1779,1744146117.8426516,1744146117.8760152,0.03336358070373535
1780,1744146117.8486998,1744146117.8778493,0.029149532318115234
1781,1744146117.8527834,1744146117.8823538,0.029570341110229492
1782,1744146117.8690734,1744146117.9002917,0.031218290328979492
1783,1744146117.873027,1744146117.9062154,0.0331883430480957
1784,1744146117.873304,1744146117.9121869,0.03888297080993652
1785,1744146117.8736062,1744146117.9168096,0.04320335388183594
1786,1744146117.8738892,1744146117.9172733,0.04338407516479492
1787,1744146117.875435,1744146117.9241142,0.04867911338806152
1788,1744146117.8760576,1744146117.9265778,0.05052018165588379
1789,1744146117.8771138,1744146117.9214404,0.0443265438079834
1790,1744146117.8778772,1744146117.9289482,0.0510709285736084
1791,1744146117.8823829,1744146117.9285598,0.046176910400390625
1792,1744146117.9003289,1744146117.9369082,0.03657937049865723
1793,1744146117.9062462,1744146117.9486153,0.04236912727355957
1794,1744146117.9122212,1744146117.9583287,0.04610753059387207
1795,1744146117.9168384,1744146117.9613419,0.04450345039367676
1796,1744146117.9173021,1744146117.9528644,0.03556227684020996
1797,1744146117.9214694,1744146117.961304,0.03983449935913086
1798,1744146117.9241462,1744146117.9665442,0.04239797592163086
1799,1744146117.926607,1744146117.9660738,0.03946685791015625
1800,1744146117.9285884,1744146117.9685717,0.039983272552490234
1801,1744146117.9289763,1744146117.9656026,0.036626338958740234
1802,1744146117.9369373,1744146117.9768283,0.03989100456237793
1803,1744146117.948654,1744146117.991201,0.042546987533569336
1804,1744146117.9529033,1744146117.9956558,0.04275250434875488
1805,1744146117.958365,1744146117.9939713,0.03560638427734375
1806,1744146117.9613686,1744146117.9956205,0.03425192832946777
1807,1744146117.9614403,1744146118.0028372,0.0413968563079834
1808,1744146117.9656465,1744146117.9994435,0.03379702568054199
1809,1744146117.9661067,1744146118.0057652,0.039658546447753906
1810,1744146117.966575,1744146118.0132308,0.046655893325805664
1811,1744146117.9686005,1744146118.0141838,0.045583248138427734
1812,1744146117.9768648,1744146118.0197847,0.04291987419128418
1813,1744146117.9912496,1744146118.036379,0.04512953758239746
1814,1744146117.9940026,1744146118.0358415,0.041838884353637695
1815,1744146117.995681,1744146118.0391772,0.043496131896972656
1816,1744146117.9957469,1744146118.036807,0.04106020927429199
1817,1744146117.9994757,1744146118.0357811,0.03630542755126953
1818,1744146118.0028787,1744146118.0386384,0.035759687423706055
1819,1744146118.0057933,1744146118.0386822,0.03288888931274414
1820,1744146118.013263,1744146118.0411043,0.02784132957458496
1821,1744146118.0142121,1744146118.042367,0.028154850006103516
1822,1744146118.019818,1744146118.044415,0.0245969295501709
1823,1744146118.0358725,1744146118.0632002,0.027327775955200195
1824,1744146118.0359566,1744146118.0685856,0.03262901306152344
1825,1744146118.0364113,1744146118.0751734,0.03876209259033203
1826,1744146118.0368435,1744146118.0804117,0.04356813430786133
1827,1744146118.0387065,1744146118.085069,0.04636240005493164
1828,1744146118.0387802,1744146118.0821884,0.04340815544128418
1829,1744146118.0392041,1744146118.0934796,0.0542755126953125
1830,1744146118.041131,1744146118.0895436,0.04841256141662598
1831,1744146118.0423973,1744146118.092232,0.0498347282409668
1832,1744146118.0444434,1744146118.0993643,0.05492091178894043
1833,1744146118.0632524,1744146118.0951614,0.03190898895263672
1834,1744146118.0686157,1744146118.1102545,0.041638851165771484
1835,1744146118.075214,1744146118.1136487,0.038434743881225586
1836,1744146118.0804412,1744146118.1232574,0.042816162109375
1837,1744146118.0822175,1744146118.1236196,0.04140210151672363
1838,1744146118.0850992,1744146118.125408,0.04030871391296387
1839,1744146118.0895755,1744146118.1324983,0.0429227352142334
1840,1744146118.0922616,1744146118.1281946,0.03593301773071289
1841,1744146118.0935087,1744146118.1314163,0.03790760040283203
1842,1744146118.0951915,1744146118.1325316,0.03734016418457031
1843,1744146118.0993948,1744146118.1344166,0.03502178192138672
1844,1744146118.110287,1744146118.1470153,0.0367283821105957
1845,1744146118.1136913,1744146118.1523526,0.03866124153137207
1846,1744146118.1232932,1744146118.1575475,0.03425431251525879
1847,1744146118.1236491,1744146118.1622372,0.03858804702758789
1848,1744146118.1254385,1744146118.165265,0.03982663154602051
1849,1744146118.1282308,1744146118.1695979,0.0413670539855957
1850,1744146118.131465,1744146118.166518,0.03505301475524902
1851,1744146118.1325545,1744146118.1761534,0.04359889030456543
1852,1744146118.1326141,1744146118.1714902,0.03887605667114258
1853,1744146118.134447,1744146118.1820788,0.04763174057006836
1854,1744146118.1470497,1744146118.1902025,0.043152809143066406
1855,1744146118.1523833,1744146118.195146,0.04276275634765625
1856,1744146118.1575944,1744146118.1994288,0.041834354400634766
1857,1744146118.162269,1744146118.1945062,0.03223705291748047
1858,1744146118.165294,1744146118.2037954,0.03850150108337402
1859,1744146118.1665509,1744146118.2067668,0.04021596908569336
1860,1744146118.169631,1744146118.204555,0.03492403030395508
1861,1744146118.1715193,1744146118.208746,0.03722667694091797
1862,1744146118.1762009,1744146118.2166963,0.04049539566040039
1863,1744146118.1821313,1744146118.2230003,0.04086899757385254
1864,1744146118.190247,1744146118.2293973,0.039150238037109375
1865,1744146118.1945448,1744146118.2355716,0.04102683067321777
1866,1744146118.1951752,1744146118.241105,0.045929908752441406
1867,1744146118.1994605,1744146118.2367334,0.03727293014526367
1868,1744146118.2038462,1744146118.2400637,0.036217451095581055
1869,1744146118.2045946,1744146118.2422009,0.037606239318847656
1870,1744146118.2068071,1744146118.2444203,0.0376131534576416
1871,1744146118.2087846,1744146118.2425346,0.033750057220458984
1872,1744146118.2167418,1744146118.2549036,0.0381617546081543
1873,1744146118.22304,1744146118.2606623,0.03762221336364746
1874,1744146118.2294486,1744146118.265856,0.036407470703125
1875,1744146118.235639,1744146118.2721794,0.03654026985168457
1876,1744146118.2367675,1744146118.2778785,0.041110992431640625
1877,1744146118.2401023,1744146118.2828598,0.042757511138916016
1878,1744146118.2411492,1744146118.2792556,0.038106441497802734
1879,1744146118.2422318,1744146118.2823708,0.040138959884643555
1880,1744146118.2425687,1744146118.2797248,0.037156105041503906
1881,1744146118.2444575,1744146118.2878213,0.04336380958557129
1882,1744146118.2549734,1744146118.2953448,0.04037141799926758
1883,1744146118.2607136,1744146118.2994337,0.038720130920410156
1884,1744146118.2658982,1744146118.3080032,0.04210495948791504
1885,1744146118.2722523,1744146118.3135974,0.04134511947631836
1886,1744146118.2779193,1744146118.3151312,0.03721189498901367
1887,1744146118.279291,1744146118.3185222,0.039231300354003906
1888,1744146118.279758,1744146118.317967,0.038208961486816406
1889,1744146118.2824042,1744146118.3157105,0.03330636024475098
1890,1744146118.2828918,1744146118.3210135,0.038121700286865234
1891,1744146118.2878554,1744146118.3233433,0.03548789024353027
1892,1744146118.2953775,1744146118.3302507,0.034873247146606445
1893,1744146118.299464,1744146118.3392806,0.03981661796569824
1894,1744146118.3080463,1744146118.347368,0.0393216609954834
1895,1744146118.3136358,1744146118.3556361,0.04200029373168945
1896,1744146118.3151612,1744146118.3499873,0.034826040267944336
1897,1744146118.3157408,1744146118.3552115,0.039470672607421875
1898,1744146118.3180094,1744146118.357847,0.03983759880065918
1899,1744146118.3185506,1744146118.362346,0.04379534721374512
1900,1744146118.3210466,1744146118.3653805,0.04433393478393555
1901,1744146118.3233879,1744146118.3639205,0.040532588958740234
1902,1744146118.3302884,1744146118.3646955,0.03440713882446289
1903,1744146118.3393273,1744146118.376633,0.037305593490600586
1904,1744146118.347397,1744146118.3847582,0.03736114501953125
1905,1744146118.3500166,1744146118.3920066,0.041990041732788086
1906,1744146118.3552425,1744146118.3938577,0.03861522674560547
1907,1744146118.3556645,1744146118.3935232,0.03785872459411621
1908,1744146118.3578758,1744146118.3927205,0.03484463691711426
1909,1744146118.362378,1744146118.398689,0.03631114959716797
1910,1744146118.3639493,1744146118.4016156,0.03766632080078125
1911,1744146118.3647232,1744146118.3995543,0.03483104705810547
1912,1744146118.3654096,1744146118.4011214,0.03571176528930664
1913,1744146118.3766632,1744146118.4080374,0.031374216079711914
1914,1744146118.3847919,1744146118.4220037,0.03721189498901367
1915,1744146118.39204,1744146118.4341228,0.042082786560058594
1916,1744146118.3927495,1744146118.431073,0.038323402404785156
1917,1744146118.3935692,1744146118.4386082,0.04503893852233887
1918,1744146118.3938856,1744146118.4386709,0.044785261154174805
1919,1744146118.3987203,1744146118.4400728,0.04135251045227051
1920,1744146118.399584,1744146118.4392445,0.03966045379638672
1921,1744146118.401149,1744146118.444294,0.043144941329956055
1922,1744146118.4016411,1744146118.4406567,0.03901553153991699
1923,1744146118.408068,1744146118.441765,0.03369712829589844
1924,1744146118.4220448,1744146118.4507995,0.028754711151123047
1925,1744146118.4311087,1744146118.4605749,0.02946615219116211
1926,1744146118.4341524,1744146118.469269,0.03511667251586914
1927,1744146118.43871,1744146118.4774559,0.038745880126953125
1928,1744146118.4388037,1744146118.4777925,0.03898882865905762
1929,1744146118.4392734,1744146118.4845123,0.04523897171020508
1930,1744146118.4401023,1744146118.4848237,0.044721364974975586
1931,1744146118.4406853,1744146118.4886317,0.04794645309448242
1932,1744146118.441795,1744146118.4865844,0.04478931427001953
1933,1744146118.444326,1744146118.4956422,0.051316261291503906
1934,1744146118.4508302,1744146118.4938731,0.043042898178100586
1935,1744146118.4606073,1744146118.4951744,0.03456711769104004
1936,1744146118.4692998,1744146118.5117695,0.04246973991394043
1937,1744146118.4774892,1744146118.5185006,0.04101133346557617
1938,1744146118.4778318,1744146118.5137382,0.035906314849853516
1939,1744146118.484549,1744146118.5284402,0.043891191482543945
1940,1744146118.4848514,1744146118.5241668,0.03931546211242676
1941,1744146118.4866264,1744146118.5293167,0.042690277099609375
1942,1744146118.4886608,1744146118.524524,0.03586316108703613
1943,1744146118.493904,1744146118.535342,0.04143786430358887
1944,1744146118.4952044,1744146118.5382981,0.04309368133544922
1945,1744146118.4956794,1744146118.5357685,0.04008913040161133
1946,1744146118.5118146,1744146118.5560384,0.044223785400390625
1947,1744146118.513771,1744146118.5518003,0.03802919387817383
1948,1744146118.5185328,1744146118.558439,0.03990626335144043
1949,1744146118.5242074,1744146118.5672853,0.043077945709228516
1950,1744146118.5245552,1744146118.5606163,0.03606104850769043
1951,1744146118.5284743,1744146118.5653424,0.03686809539794922
1952,1744146118.5293486,1744146118.565304,0.03595542907714844
1953,1744146118.5353796,1744146118.5751517,0.03977203369140625
1954,1744146118.5358098,1744146118.5795379,0.04372811317443848
1955,1744146118.5383346,1744146118.5765045,0.03816986083984375
1956,1744146118.5518386,1744146118.5864537,0.03461503982543945
1957,1744146118.556074,1744146118.6013722,0.04529833793640137
1958,1744146118.558473,1744146118.595922,0.037448883056640625
1959,1744146118.5606482,1744146118.603699,0.04305076599121094
1960,1744146118.5653799,1744146118.6010294,0.03564953804016113
1961,1744146118.5654633,1744146118.6052337,0.03977036476135254
1962,1744146118.5673163,1744146118.6119587,0.04464244842529297
1963,1744146118.5751839,1744146118.6101696,0.03498578071594238
1964,1744146118.5765357,1744146118.6092546,0.03271889686584473
1965,1744146118.5795677,1744146118.615332,0.035764217376708984
1966,1744146118.5864847,1744146118.624623,0.038138389587402344
1967,1744146118.5959566,1744146118.6402783,0.04432177543640137
1968,1744146118.6010604,1744146118.6345832,0.033522844314575195
1969,1744146118.601411,1744146118.6417778,0.04036664962768555
1970,1744146118.6037266,1744146118.646861,0.043134450912475586
1971,1744146118.6052601,1744146118.644421,0.039160966873168945
1972,1744146118.6092856,1744146118.6444616,0.03517603874206543
1973,1744146118.6101992,1744146118.650764,0.040564775466918945
1974,1744146118.6119885,1744146118.651656,0.039667367935180664
1975,1744146118.6153789,1744146118.6516898,0.03631091117858887
1976,1744146118.624655,1744146118.6637506,0.03909564018249512
1977,1744146118.6346228,1744146118.67259,0.03796720504760742
1978,1744146118.6403115,1744146118.6841156,0.043804168701171875
1979,1744146118.6418104,1744146118.6836596,0.04184913635253906
1980,1744146118.6444852,1744146118.6817987,0.03731346130371094
1981,1744146118.6445704,1744146118.6828513,0.03828096389770508
1982,1744146118.6468923,1744146118.6823409,0.035448551177978516
1983,1744146118.6507943,1744146118.6870348,0.036240577697753906
1984,1744146118.6517134,1744146118.6854317,0.03371834754943848
1985,1744146118.6517792,1744146118.6879606,0.03618144989013672
1986,1744146118.663816,1744146118.690747,0.026931047439575195
1987,1744146118.6726432,1744146118.695777,0.02313375473022461
1988,1744146118.6818492,1744146118.7171228,0.03527355194091797
1989,1744146118.682374,1744146118.7166195,0.03424549102783203
1990,1744146118.682881,1744146118.723649,0.04076790809631348
1991,1744146118.683691,1744146118.7243116,0.04062056541442871
1992,1744146118.6841598,1744146118.7256684,0.04150867462158203
1993,1744146118.6854622,1744146118.7299788,0.044516563415527344
1994,1744146118.6870651,1744146118.7354765,0.04841136932373047
1995,1744146118.6880026,1744146118.734688,0.04668545722961426
1996,1744146118.6907792,1744146118.7370493,0.046270132064819336
1997,1744146118.6958086,1744146118.7358816,0.04007291793823242
1998,1744146118.7166626,1744146118.7563133,0.039650678634643555
1999,1744146118.7171543,1744146118.7631195,0.04596519470214844
2000,1744146118.7236853,1744146118.7635138,0.03982853889465332
2001,1744146118.724345,1744146118.7623515,0.03800654411315918
2002,1744146118.7257178,1744146118.7614503,0.03573250770568848
2003,1744146118.7300096,1744146118.76558,0.035570383071899414
2004,1744146118.7347164,1744146118.7679615,0.033245086669921875
2005,1744146118.7355056,1744146118.7695568,0.03405117988586426
2006,1744146118.7359183,1744146118.777987,0.0420687198638916
2007,1744146118.7370877,1744146118.7796242,0.04253649711608887
2008,1744146118.7563665,1744146118.7957819,0.03941535949707031
2009,1744146118.7615006,1744146118.798337,0.03683638572692871
2010,1744146118.7623947,1744146118.7979784,0.0355837345123291
2011,1744146118.763159,1744146118.7996185,0.03645944595336914
2012,1744146118.7635484,1744146118.8047526,0.041204214096069336
2013,1744146118.7656162,1744146118.8131874,0.04757118225097656
2014,1744146118.768006,1744146118.8128996,0.044893503189086914
2015,1744146118.7695963,1744146118.8119237,0.0423274040222168
2016,1744146118.778062,1744146118.8119717,0.03390955924987793
2017,1744146118.7796574,1744146118.8160865,0.03642916679382324
2018,1744146118.7958462,1744146118.8318408,0.035994529724121094
2019,1744146118.7980146,1744146118.8379433,0.03992867469787598
2020,1744146118.7983623,1744146118.8448179,0.04645562171936035
2021,1744146118.7996438,1744146118.8399854,0.04034161567687988
2022,1744146118.804805,1744146118.8438776,0.039072513580322266
2023,1744146118.8119943,1744146118.859959,0.04796457290649414
2024,1744146118.8120923,1744146118.858159,0.0460667610168457
2025,1744146118.812952,1744146118.862467,0.0495150089263916
2026,1744146118.813223,1744146118.859244,0.046021223068237305
2027,1744146118.8161316,1744146118.8586054,0.042473793029785156
2028,1744146118.8318872,1744146118.8661952,0.03430795669555664
2029,1744146118.8379738,1744146118.8686278,0.030653953552246094
2030,1744146118.8400156,1744146118.868006,0.027990341186523438
2031,1744146118.843924,1744146118.8746283,0.030704259872436523
2032,1744146118.8448453,1744146118.883169,0.03832364082336426
2033,1744146118.8582032,1744146118.8960876,0.03788447380065918
2034,1744146118.8586345,1744146118.89858,0.03994560241699219
2035,1744146118.8592718,1744146118.8993962,0.04012441635131836
2036,1744146118.8599894,1744146118.902983,0.04299354553222656
2037,1744146118.862497,1744146118.9006605,0.03816342353820801
2038,1744146118.8662732,1744146118.9067004,0.040427207946777344
2039,1744146118.8680596,1744146118.9060614,0.03800177574157715
2040,1744146118.8686566,1744146118.9105363,0.04187965393066406
2041,1744146118.8746831,1744146118.9083092,0.03362607955932617
2042,1744146118.883212,1744146118.924052,0.04083991050720215
2043,1744146118.8961282,1744146118.9403057,0.04417753219604492
2044,1744146118.8986137,1744146118.9335895,0.03497576713562012
2045,1744146118.8994389,1744146118.9425035,0.04306459426879883
2046,1744146118.9007041,1744146118.9406793,0.03997516632080078
2047,1744146118.9030154,1744146118.9384515,0.035436153411865234
2048,1744146118.9060917,1744146118.941073,0.03498125076293945
2049,1744146118.9067445,1744146118.948102,0.04135751724243164
2050,1744146118.9083376,1744146118.94341,0.03507232666015625
2051,1744146118.910566,1744146118.9458807,0.03531455993652344
2052,1744146118.9240878,1744146118.9538157,0.029727935791015625
2053,1744146118.9336216,1744146118.9664423,0.032820701599121094
2054,1744146118.9384832,1744146118.9775078,0.03902459144592285
2055,1744146118.9403367,1744146118.9824064,0.04206967353820801
2056,1744146118.9407194,1744146118.9842482,0.04352879524230957
2057,1744146118.9411032,1744146118.9850202,0.043916940689086914
2058,1744146118.942534,1744146118.9846656,0.042131662368774414
2059,1744146118.9434397,1744146118.9873288,0.04388904571533203
2060,1744146118.9459114,1744146118.9860094,0.040097951889038086
2061,1744146118.948132,1744146118.988807,0.04067492485046387
2062,1744146118.9538674,1744146118.9884613,0.034593820571899414
2063,1744146118.9664874,1744146119.0020733,0.035585880279541016
2064,1744146118.9775596,1744146119.0091324,0.031572818756103516
2065,1744146118.9824514,1744146119.015552,0.03310060501098633
2066,1744146118.9842925,1744146119.0201395,0.03584694862365723
2067,1744146118.9847043,1744146119.0230894,0.03838515281677246
2068,1744146118.985054,1744146119.027157,0.04210305213928223
2069,1744146118.9860368,1744146119.033108,0.047071218490600586
2070,1744146118.9873595,1744146119.0352712,0.047911643981933594
2071,1744146118.9884903,1744146119.0373394,0.04884910583496094
2072,1744146118.9888325,1744146119.0323815,0.0435490608215332
2073,1744146119.0021052,1744146119.0412505,0.03914523124694824
2074,1744146119.0091624,1744146119.049703,0.040540456771850586
2075,1744146119.0155852,1744146119.0575652,0.04198002815246582
2076,1744146119.0201678,1744146119.0580993,0.03793144226074219
2077,1744146119.0231383,1744146119.058922,0.03578376770019531
2078,1744146119.0271883,1744146119.0687604,0.04157209396362305
2079,1744146119.0324135,1744146119.068821,0.036407470703125
2080,1744146119.0331392,1744146119.0716162,0.03847694396972656
2081,1744146119.0353014,1744146119.0687957,0.03349423408508301
2082,1744146119.0373793,1744146119.076153,0.03877377510070801
2083,1744146119.0412915,1744146119.083164,0.041872501373291016
2084,1744146119.0497398,1744146119.0809493,0.031209468841552734
2085,1744146119.057598,1744146119.0991907,0.04159259796142578
2086,1744146119.0581305,1744146119.101655,0.04352450370788574
2087,1744146119.058952,1744146119.0937662,0.03481411933898926
2088,1744146119.0688462,1744146119.109775,0.04092884063720703
2089,1744146119.0689225,1744146119.1164389,0.0475163459777832
2090,1744146119.0689821,1744146119.1078064,0.03882431983947754
2091,1744146119.0716593,1744146119.1182194,0.046560049057006836
2092,1744146119.0762079,1744146119.1161325,0.03992462158203125
2093,1744146119.0809836,1744146119.1261046,0.045120954513549805
2094,1744146119.083198,1744146119.1212378,0.0380396842956543
2095,1744146119.093802,1744146119.1317859,0.03798389434814453
2096,1744146119.0992255,1744146119.1397812,0.040555715560913086
2097,1744146119.1017022,1744146119.145158,0.04345583915710449
2098,1744146119.1078408,1744146119.1492574,0.04141664505004883
2099,1744146119.109805,1744146119.1484623,0.038657188415527344
2100,1744146119.116168,1744146119.1574712,0.041303157806396484
2101,1744146119.116465,1744146119.1616845,0.04521942138671875
2102,1744146119.118248,1744146119.159882,0.04163408279418945
2103,1744146119.1212676,1744146119.159249,0.037981510162353516
2104,1744146119.1261346,1744146119.164466,0.03833127021789551
2105,1744146119.1318226,1744146119.1691318,0.03730916976928711
2106,1744146119.1398141,1744146119.1816978,0.04188370704650879
2107,1744146119.145188,1744146119.188896,0.043707847595214844
2108,1744146119.1484907,1744146119.1835535,0.03506278991699219
2109,1744146119.1492872,1744146119.1870065,0.0377192497253418
2110,1744146119.1575027,1744146119.1916208,0.0341181755065918
2111,1744146119.1592782,1744146119.2019389,0.04266071319580078
2112,1744146119.159908,1744146119.2039697,0.04406166076660156
2113,1744146119.1617162,1744146119.2036877,0.041971445083618164
2114,1744146119.164497,1744146119.2057009,0.041203975677490234
2115,1744146119.1691833,1744146119.2065854,0.03740215301513672
2116,1744146119.1817472,1744146119.2192233,0.0374760627746582
2117,1744146119.1835835,1744146119.2288465,0.045263051986694336
2118,1744146119.1870441,1744146119.2235389,0.03649473190307617
2119,1744146119.1889253,1744146119.2259796,0.03705430030822754
2120,1744146119.1916485,1744146119.2293394,0.03769087791442871
2121,1744146119.2019737,1744146119.2391076,0.03713393211364746
2122,1744146119.2037156,1744146119.2487118,0.04499626159667969
2123,1744146119.2039964,1744146119.2460222,0.04202580451965332
2124,1744146119.2057292,1744146119.248153,0.04242372512817383
2125,1744146119.206614,1744146119.2473288,0.04071474075317383
2126,1744146119.219266,1744146119.2578306,0.03856468200683594
2127,1744146119.223568,1744146119.2605617,0.03699374198913574
2128,1744146119.2260303,1744146119.2680962,0.04206585884094238
2129,1744146119.2289028,1744146119.2697234,0.04082059860229492
2130,1744146119.2293675,1744146119.2685146,0.039147138595581055
2131,1744146119.239146,1744146119.2788188,0.0396728515625
2132,1744146119.2460659,1744146119.290228,0.04416203498840332
2133,1744146119.2473578,1744146119.2888618,0.04150390625
2134,1744146119.248182,1744146119.296548,0.04836583137512207
2135,1744146119.2487378,1744146119.292694,0.04395627975463867
2136,1744146119.2578738,1744146119.2940905,0.03621673583984375
2137,1744146119.2606032,1744146119.2960472,0.035444021224975586
2138,1744146119.2681408,1744146119.3081372,0.03999638557434082
2139,1744146119.268541,1744146119.3108754,0.04233431816101074
2140,1744146119.2697642,1744146119.3128405,0.043076276779174805
2141,1744146119.2788694,1744146119.3203743,0.041504859924316406
2142,1744146119.2889173,1744146119.3290298,0.04011249542236328
2143,1744146119.2902656,1744146119.3342562,0.0439906120300293
2144,1744146119.2927318,1744146119.3394675,0.04673576354980469
2145,1744146119.2941282,1744146119.3309186,0.03679037094116211
2146,1744146119.2960842,1744146119.338876,0.04279184341430664
2147,1744146119.2965844,1744146119.3361466,0.039562225341796875
2148,1744146119.308196,1744146119.3483262,0.0401301383972168
2149,1744146119.3109143,1744146119.3525455,0.041631221771240234
2150,1744146119.3128784,1744146119.3546257,0.041747331619262695
2151,1744146119.3204226,1744146119.364469,0.04404640197753906
2152,1744146119.3290775,1744146119.3671527,0.03807520866394043
2153,1744146119.330947,1744146119.3720374,0.04109048843383789
2154,1744146119.3342881,1744146119.3690016,0.0347135066986084
2155,1744146119.336178,1744146119.380448,0.04427003860473633
2156,1744146119.338905,1744146119.3841672,0.04526209831237793
2157,1744146119.3394964,1744146119.385956,0.04645967483520508
2158,1744146119.3483558,1744146119.3921273,0.04377150535583496
2159,1744146119.3525743,1744146119.3916154,0.03904104232788086
2160,1744146119.354657,1744146119.396343,0.041686058044433594
2161,1744146119.3645005,1744146119.400469,0.03596854209899902
2162,1744146119.3671818,1744146119.404282,0.03710031509399414
2163,1744146119.3690343,1744146119.4107642,0.04172992706298828
2164,1744146119.372067,1744146119.4060857,0.034018754959106445
2165,1744146119.38048,1744146119.4204342,0.039954185485839844
2166,1744146119.3841953,1744146119.4262278,0.042032480239868164
2167,1744146119.3859851,1744146119.4278197,0.04183459281921387
2168,1744146119.3916454,1744146119.4282975,0.0366520881652832
2169,1744146119.3921597,1744146119.4265,0.03434038162231445
2170,1744146119.396372,1744146119.4292219,0.032849788665771484
2171,1744146119.4004993,1744146119.4338124,0.03331303596496582
2172,1744146119.4043117,1744146119.433442,0.02913045883178711
2173,1744146119.4061148,1744146119.4353614,0.02924656867980957
2174,1744146119.4107935,1744146119.4431934,0.032399892807006836
2175,1744146119.4204726,1744146119.4544048,0.03393220901489258
2176,1744146119.426266,1744146119.4631963,0.03693032264709473
2177,1744146119.4265287,1744146119.4639924,0.03746366500854492
2178,1744146119.4278476,1744146119.4661658,0.03831815719604492
2179,1744146119.4283257,1744146119.4706473,0.04232168197631836
2180,1744146119.4292495,1744146119.47255,0.04330039024353027
2181,1744146119.433474,1744146119.4718895,0.03841543197631836
2182,1744146119.4338403,1744146119.4784148,0.04457449913024902
2183,1744146119.4353905,1744146119.4733183,0.037927865982055664
2184,1744146119.4432373,1744146119.4766536,0.0334162712097168
2185,1744146119.4544363,1744146119.496597,0.042160749435424805
2186,1744146119.4632297,1744146119.4983509,0.03512120246887207
2187,1744146119.464025,1744146119.5008652,0.036840200424194336
2188,1744146119.466194,1744146119.5058951,0.039701223373413086
2189,1744146119.4706783,1744146119.5074718,0.03679347038269043
2190,1744146119.471918,1744146119.5157616,0.04384350776672363
2191,1744146119.4725828,1744146119.5209289,0.04834604263305664
2192,1744146119.473346,1744146119.5155828,0.0422368049621582
2193,1744146119.4766822,1744146119.5180619,0.041379690170288086
2194,1744146119.4784427,1744146119.519539,0.04109644889831543
2195,1744146119.496628,1744146119.5316143,0.034986257553100586
2196,1744146119.4983792,1744146119.5331159,0.03473663330078125
2197,1744146119.5008926,1744146119.5430002,0.042107582092285156
2198,1744146119.5060194,1744146119.5366251,0.030605792999267578
2199,1744146119.5075986,1744146119.5415998,0.03400111198425293
2200,1744146119.5158694,1744146119.5533004,0.03743100166320801
2201,1744146119.5161276,1744146119.562146,0.046018362045288086
2202,1744146119.5182106,1744146119.5647414,0.046530723571777344
2203,1744146119.5197084,1744146119.5623114,0.0426030158996582
2204,1744146119.5210674,1744146119.5663235,0.04525613784790039
2205,1744146119.5317488,1744146119.5723226,0.040573835372924805
2206,1744146119.5332568,1744146119.5686107,0.035353899002075195
2207,1744146119.5367084,1744146119.5711048,0.03439640998840332
2208,1744146119.5417793,1744146119.5738592,0.03207993507385254
2209,1744146119.5430927,1744146119.577122,0.034029245376586914
2210,1744146119.5534284,1744146119.5802186,0.026790142059326172
2211,1744146119.56252,1744146119.5958948,0.033374786376953125
2212,1744146119.5628836,1744146119.6011868,0.03830313682556152
2213,1744146119.564892,1744146119.6050735,0.04018139839172363
2214,1744146119.5664425,1744146119.606812,0.040369510650634766
2215,1744146119.568754,1744146119.6083133,0.039559364318847656
2216,1744146119.5712821,1744146119.6204093,0.04912710189819336
2217,1744146119.572472,1744146119.616917,0.04444479942321777
2218,1744146119.573973,1744146119.617325,0.04335212707519531
2219,1744146119.577266,1744146119.6171217,0.0398557186126709
2220,1744146119.580359,1744146119.6220305,0.0416715145111084
2221,1744146119.5960367,1744146119.6339529,0.03791618347167969
2222,1744146119.601331,1744146119.6358118,0.03448081016540527
2223,1744146119.605223,1744146119.642479,0.03725600242614746
2224,1744146119.6069567,1744146119.6440535,0.03709673881530762
2225,1744146119.6084435,1744146119.6410556,0.03261208534240723
2226,1744146119.6174653,1744146119.659022,0.04155683517456055
2227,1744146119.6178138,1744146119.6634,0.04558610916137695
2228,1744146119.6181495,1744146119.6646383,0.04648876190185547
2229,1744146119.6205387,1744146119.6621034,0.0415647029876709
2230,1744146119.6221979,1744146119.6661985,0.04400062561035156
2231,1744146119.6341019,1744146119.666317,0.032215118408203125
2232,1744146119.6359537,1744146119.6769426,0.040988922119140625
2233,1744146119.6412618,1744146119.6739485,0.032686710357666016
2234,1744146119.6426563,1744146119.6797915,0.03713512420654297
2235,1744146119.6441748,1744146119.6851172,0.04094243049621582
2236,1744146119.6591477,1744146119.6960173,0.03686952590942383
2237,1744146119.6622267,1744146119.699372,0.037145376205444336
2238,1744146119.6635377,1744146119.7045093,0.04097151756286621
2239,1744146119.6647732,1744146119.7072437,0.042470455169677734
2240,1744146119.6664014,1744146119.708528,0.04212665557861328
2241,1744146119.6666572,1744146119.705887,0.0392298698425293
2242,1744146119.674075,1744146119.7116725,0.03759765625
2243,1744146119.677062,1744146119.712888,0.03582596778869629
2244,1744146119.679996,1744146119.7147658,0.03476977348327637
2245,1744146119.6852477,1744146119.7254617,0.04021406173706055
2246,1744146119.6962135,1744146119.7311206,0.03490710258483887
2247,1744146119.6995072,1744146119.735239,0.03573179244995117
2248,1744146119.7046375,1744146119.73721,0.03257250785827637
2249,1744146119.7060409,1744146119.7370324,0.030991554260253906
2250,1744146119.7073565,1744146119.7459774,0.038620948791503906
2251,1744146119.7086456,1744146119.7500956,0.04145002365112305
2252,1744146119.7118216,1744146119.7554014,0.043579816818237305
2253,1744146119.7130008,1744146119.752166,0.03916525840759277
2254,1744146119.7149243,1744146119.7570374,0.04211306571960449
2255,1744146119.725634,1744146119.7702572,0.04462313652038574
2256,1744146119.731282,1744146119.772298,0.0410161018371582
2257,1744146119.735396,1744146119.775498,0.04010200500488281
2258,1744146119.737352,1744146119.7772195,0.03986763954162598
2259,1744146119.7376637,1744146119.7732205,0.035556793212890625
2260,1744146119.7460394,1744146119.7901132,0.04407382011413574
2261,1744146119.7501435,1744146119.7891352,0.038991689682006836
2262,1744146119.752213,1744146119.7963498,0.044136762619018555
2263,1744146119.7554486,1744146119.7917235,0.03627490997314453
2264,1744146119.7570934,1744146119.7957356,0.038642168045043945
2265,1744146119.7703083,1744146119.8141599,0.043851613998413086
2266,1744146119.7723384,1744146119.8076608,0.03532242774963379
2267,1744146119.7732565,1744146119.8095212,0.036264657974243164
2268,1744146119.7755313,1744146119.8198986,0.044367313385009766
2269,1744146119.7772503,1744146119.8154943,0.038244009017944336
2270,1744146119.7891934,1744146119.832067,0.04287362098693848
2271,1744146119.7901473,1744146119.827787,0.037639617919921875
2272,1744146119.7917788,1744146119.8390281,0.04724931716918945
2273,1744146119.7957964,1744146119.8404648,0.04466843605041504
2274,1744146119.7963903,1744146119.8390796,0.04268932342529297
2275,1744146119.807726,1744146119.8531942,0.04546833038330078
2276,1744146119.8095574,1744146119.8491535,0.0395960807800293
2277,1744146119.8142037,1744146119.8601677,0.04596400260925293
2278,1744146119.8155372,1744146119.8619318,0.04639458656311035
2279,1744146119.8199284,1744146119.8653715,0.045443058013916016
2280,1744146119.8278427,1744146119.87202,0.04417729377746582
2281,1744146119.8321033,1744146119.8705184,0.03841519355773926
2282,1744146119.8391137,1744146119.8818848,0.042771100997924805
2283,1744146119.8392344,1744146119.8842256,0.044991254806518555
2284,1744146119.8405068,1744146119.890877,0.050370216369628906
2285,1744146119.8491926,1744146119.8904023,0.04120969772338867
2286,1744146119.853223,1744146119.8900468,0.03682374954223633
2287,1744146119.860206,1744146119.8913333,0.031127452850341797
2288,1744146119.86196,1744146119.9029303,0.0409703254699707
2289,1744146119.8654006,1744146119.900908,0.0355074405670166
2290,1744146119.870551,1744146119.9073117,0.036760568618774414
2291,1744146119.872049,1744146119.9139209,0.04187178611755371
2292,1744146119.8819146,1744146119.92372,0.041805267333984375
2293,1744146119.8842585,1744146119.9197414,0.03548288345336914
2294,1744146119.8900766,1744146119.925009,0.03493237495422363
2295,1744146119.890428,1744146119.9339845,0.04355645179748535
2296,1744146119.8909051,1744146119.9382625,0.04735732078552246
2297,1744146119.8913608,1744146119.9335444,0.042183637619018555
2298,1744146119.9009378,1744146119.9329894,0.03205156326293945
2299,1744146119.9029577,1744146119.9444187,0.04146099090576172
2300,1744146119.9073436,1744146119.9443686,0.03702497482299805
2301,1744146119.9139574,1744146119.9595768,0.04561948776245117
2302,1744146119.919774,1744146119.9579692,0.038195133209228516
2303,1744146119.9237616,1744146119.9633126,0.0395510196685791
2304,1744146119.9250402,1744146119.9700527,0.045012474060058594
2305,1744146119.9330237,1744146119.976597,0.04357337951660156
2306,1744146119.93358,1744146119.978709,0.04512906074523926
2307,1744146119.9340162,1744146119.975778,0.04176187515258789
2308,1744146119.9382954,1744146119.9770732,0.038777828216552734
2309,1744146119.9444604,1744146119.9870772,0.042616844177246094
2310,1744146119.9445617,1744146119.9860609,0.04149913787841797
2311,1744146119.9580116,1744146119.995991,0.0379793643951416
2312,1744146119.9596071,1744146119.9933152,0.03370809555053711
2313,1744146119.963354,1744146120.0046256,0.04127144813537598
2314,1744146119.9700904,1744146120.011089,0.04099869728088379
2315,1744146119.975809,1744146120.0132787,0.03746962547302246
2316,1744146119.9766266,1744146120.0117867,0.035160064697265625
2317,1744146119.9771166,1744146120.0205138,0.04339718818664551
2318,1744146119.9787483,1744146120.0201054,0.04135704040527344
2319,1744146119.9861124,1744146120.0288873,0.04277491569519043
2320,1744146119.9871073,1744146120.0270267,0.039919376373291016
2321,1744146119.99335,1744146120.02576,0.0324099063873291
2322,1744146119.9960215,1744146120.032634,0.036612510681152344
2323,1744146120.0046582,1744146120.04628,0.04162168502807617
2324,1744146120.0111492,1744146120.051615,0.0404658317565918
2325,1744146120.0118206,1744146120.0468056,0.03498506546020508
2326,1744146120.013308,1744146120.0509703,0.03766226768493652
2327,1744146120.0201373,1744146120.0579185,0.0377812385559082
2328,1744146120.0205424,1744146120.0575497,0.03700733184814453
2329,1744146120.0257926,1744146120.0650787,0.039286136627197266
2330,1744146120.0270576,1744146120.066625,0.03956747055053711
2331,1744146120.0289183,1744146120.0739663,0.04504799842834473
2332,1744146120.0326653,1744146120.0689375,0.036272287368774414
2333,1744146120.0463285,1744146120.0852954,0.03896689414978027
2334,1744146120.046838,1744146120.0902772,0.04343914985656738
2335,1744146120.0510032,1744146120.0911298,0.04012656211853027
2336,1744146120.0516486,1744146120.089828,0.03817939758300781
2337,1744146120.0575852,1744146120.0936692,0.03608393669128418
2338,1744146120.0579498,1744146120.094849,0.03689932823181152
2339,1744146120.0651128,1744146120.1009254,0.0358126163482666
2340,1744146120.0666575,1744146120.1014287,0.03477120399475098
2341,1744146120.0689716,1744146120.0973582,0.028386592864990234
2342,1744146120.0740063,1744146120.1099434,0.03593707084655762
2343,1744146120.0853307,1744146120.1217554,0.03642463684082031
2344,1744146120.0898616,1744146120.125518,0.03565645217895508
2345,1744146120.0903106,1744146120.1282372,0.037926673889160156
2346,1744146120.0911627,1744146120.1323087,0.041146039962768555
2347,1744146120.0937152,1744146120.1353498,0.041634559631347656
2348,1744146120.0948942,1744146120.1387637,0.0438694953918457
2349,1744146120.097394,1744146120.1437078,0.04631376266479492
2350,1744146120.100961,1744146120.139838,0.038877010345458984
2351,1744146120.1014647,1744146120.1459343,0.044469594955444336
2352,1744146120.109983,1744146120.1428912,0.03290820121765137
2353,1744146120.121792,1744146120.1572092,0.03541707992553711
2354,1744146120.1255555,1744146120.1617434,0.03618788719177246
2355,1744146120.1282747,1744146120.1679487,0.03967404365539551
2356,1744146120.1323469,1744146120.178878,0.04653120040893555
2357,1744146120.1353848,1744146120.173914,0.038529157638549805
2358,1744146120.1388006,1744146120.17647,0.03766942024230957
2359,1744146120.1398706,1744146120.1745188,0.03464818000793457
2360,1744146120.1429281,1744146120.1847334,0.041805267333984375
2361,1744146120.1437418,1744146120.1813579,0.03761601448059082
2362,1744146120.14597,1744146120.1834729,0.03750276565551758
2363,1744146120.1572504,1744146120.1925313,0.03528094291687012
2364,1744146120.1617763,1744146120.198615,0.03683876991271973
2365,1744146120.1679964,1744146120.2030203,0.03502392768859863
2366,1744146120.1739695,1744146120.2119699,0.03800034523010254
2367,1744146120.1745508,1744146120.215388,0.04083728790283203
2368,1744146120.1765146,1744146120.2112975,0.03478288650512695
2369,1744146120.1789103,1744146120.213126,0.034215688705444336
2370,1744146120.1814082,1744146120.2202413,0.0388331413269043
2371,1744146120.18353,1744146120.2227225,0.03919243812561035
2372,1744146120.1847792,1744146120.2216454,0.036866188049316406
2373,1744146120.192589,1744146120.2278228,0.03523373603820801
2374,1744146120.1986551,1744146120.236721,0.03806591033935547
2375,1744146120.2030592,1744146120.246686,0.04362678527832031
2376,1744146120.211339,1744146120.2512684,0.03992938995361328
2377,1744146120.2120059,1744146120.2558393,0.04383349418640137
2378,1744146120.2131612,1744146120.2526968,0.0395355224609375
2379,1744146120.2154238,1744146120.2554147,0.039990901947021484
2380,1744146120.220277,1744146120.2599678,0.03969073295593262
2381,1744146120.2217007,1744146120.2608197,0.03911900520324707
2382,1744146120.2227747,1744146120.264997,0.04222226142883301
2383,1744146120.227871,1744146120.2714555,0.043584585189819336
2384,1744146120.2367678,1744146120.2764642,0.039696455001831055
2385,1744146120.2467551,1744146120.2932038,0.046448707580566406
2386,1744146120.2513108,1744146120.2901387,0.03882789611816406
2387,1744146120.2527397,1744146120.293243,0.04050326347351074
2388,1744146120.2554545,1744146120.290693,0.03523850440979004
2389,1744146120.2559018,1744146120.296498,0.04059624671936035
2390,1744146120.260028,1744146120.297791,0.037763118743896484
2391,1744146120.2608693,1744146120.2949007,0.03403139114379883
2392,1744146120.2650454,1744146120.2982283,0.03318285942077637
2393,1744146120.2715425,1744146120.3061137,0.034571170806884766
2394,1744146120.2765064,1744146120.308372,0.031865596771240234
2395,1744146120.2901943,1744146120.327973,0.037778615951538086
2396,1744146120.29073,1744146120.3295588,0.03882884979248047
2397,1744146120.293269,1744146120.328893,0.035624027252197266
2398,1744146120.2933772,1744146120.3307164,0.037339210510253906
2399,1744146120.2949305,1744146120.3355608,0.040630340576171875
2400,1744146120.296529,1744146120.3351734,0.03864431381225586
2401,1744146120.2978365,1744146120.336893,0.03905653953552246
2402,1744146120.298257,1744146120.3378372,0.03958010673522949
2403,1744146120.3061593,1744146120.341888,0.03572869300842285
2404,1744146120.308411,1744146120.3390694,0.030658483505249023
2405,1744146120.3280563,1744146120.3620586,0.03400230407714844
2406,1744146120.3289294,1744146120.3652003,0.036270856857299805
2407,1744146120.3296058,1744146120.3624742,0.032868385314941406
2408,1744146120.3307555,1744146120.369896,0.03914046287536621
2409,1744146120.3352256,1744146120.369844,0.034618377685546875
2410,1744146120.3356175,1744146120.3780053,0.04238772392272949
2411,1744146120.3369193,1744146120.3772473,0.040328025817871094
2412,1744146120.337873,1744146120.3797238,0.04185080528259277
2413,1744146120.3391175,1744146120.3858292,0.04671168327331543
2414,1744146120.34194,1744146120.3902106,0.04827070236206055
2415,1744146120.362105,1744146120.3992968,0.03719186782836914
2416,1744146120.3625162,1744146120.404079,0.041562795639038086
2417,1744146120.3652282,1744146120.4124203,0.04719209671020508
2418,1744146120.3699384,1744146120.407227,0.037288665771484375
2419,1744146120.370018,1744146120.409258,0.03923988342285156
2420,1744146120.377278,1744146120.4169762,0.039698123931884766
2421,1744146120.3780334,1744146120.4216053,0.04357194900512695
2422,1744146120.3797517,1744146120.4182193,0.0384676456451416
2423,1744146120.3858752,1744146120.4264655,0.04059028625488281
2424,1744146120.3902385,1744146120.4313385,0.04110002517700195
2425,1744146120.3993263,1744146120.439032,0.039705753326416016
2426,1744146120.4041233,1744146120.4418137,0.03769040107727051
2427,1744146120.407256,1744146120.4471476,0.039891719818115234
2428,1744146120.4092855,1744146120.4463992,0.03711366653442383
2429,1744146120.4124558,1744146120.45297,0.040514230728149414
2430,1744146120.4170048,1744146120.4553444,0.03833961486816406
2431,1744146120.4182477,1744146120.4562943,0.03804659843444824
2432,1744146120.421634,1744146120.458772,0.03713798522949219
2433,1744146120.426499,1744146120.4661632,0.039664268493652344
2434,1744146120.431384,1744146120.4732063,0.041822195053100586
2435,1744146120.4390914,1744146120.4747713,0.03567981719970703
2436,1744146120.4418616,1744146120.48262,0.040758371353149414
2437,1744146120.4464393,1744146120.4851396,0.03870034217834473
2438,1744146120.4471867,1744146120.483941,0.03675436973571777
2439,1744146120.453042,1744146120.4967742,0.0437321662902832
2440,1744146120.4554148,1744146120.4936993,0.0382845401763916
2441,1744146120.456376,1744146120.4966395,0.04026341438293457
2442,1744146120.458853,1744146120.4949667,0.036113739013671875
2443,1744146120.4662514,1744146120.5011432,0.03489184379577637
2444,1744146120.4733515,1744146120.5064273,0.033075809478759766
2445,1744146120.4748983,1744146120.51401,0.03911161422729492
2446,1744146120.4828353,1744146120.5236669,0.040831565856933594
2447,1744146120.4840884,1744146120.526455,0.04236650466918945
2448,1744146120.485248,1744146120.5250032,0.03975510597229004
2449,1744146120.4938676,1744146120.5344265,0.040558815002441406
2450,1744146120.4950993,1744146120.5329154,0.03781604766845703
2451,1744146120.4969177,1744146120.5436828,0.04676508903503418
2452,1744146120.4972,1744146120.5383325,0.041132450103759766
2453,1744146120.5012603,1744146120.5421803,0.04092001914978027
2454,1744146120.5065467,1744146120.5399356,0.03338885307312012
2455,1744146120.5141363,1744146120.55097,0.036833763122558594
2456,1744146120.5237906,1744146120.5604782,0.036687612533569336
2457,1744146120.5251791,1744146120.5667908,0.041611671447753906
2458,1744146120.5265853,1744146120.56983,0.04324460029602051
2459,1744146120.533081,1744146120.571112,0.03803086280822754
2460,1744146120.5345519,1744146120.582367,0.04781508445739746
2461,1744146120.5384684,1744146120.5810587,0.04259037971496582
2462,1744146120.540102,1744146120.5775485,0.03744649887084961
2463,1744146120.5423465,1744146120.5777416,0.035395145416259766
2464,1744146120.543861,1744146120.579822,0.035961151123046875
2465,1744146120.5511348,1744146120.584081,0.032946109771728516
2466,1744146120.5605996,1744146120.5977495,0.037149906158447266
2467,1744146120.5669148,1744146120.609994,0.04307913780212402
2468,1744146120.569956,1744146120.6072848,0.03732872009277344
2469,1744146120.571227,1744146120.6163428,0.04511570930480957
2470,1744146120.5778542,1744146120.6183305,0.040476322174072266
2471,1744146120.578153,1744146120.6250947,0.04694175720214844
2472,1744146120.57994,1744146120.6279304,0.04799032211303711
2473,1744146120.581219,1744146120.6313326,0.050113677978515625
2474,1744146120.5825047,1744146120.621171,0.0386662483215332
2475,1744146120.5842373,1744146120.6257334,0.04149603843688965
2476,1744146120.5979254,1744146120.6402173,0.042291879653930664
2477,1744146120.6074054,1744146120.6494818,0.04207634925842285
2478,1744146120.610115,1744146120.6485825,0.0384674072265625
2479,1744146120.616392,1744146120.6566696,0.040277719497680664
2480,1744146120.6183782,1744146120.657946,0.03956794738769531
2481,1744146120.6212196,1744146120.6559937,0.034774065017700195
2482,1744146120.6251419,1744146120.6602721,0.03513026237487793
2483,1744146120.625781,1744146120.6676502,0.041869163513183594
2484,1744146120.6279783,1744146120.662731,0.034752607345581055
2485,1744146120.631385,1744146120.6711257,0.039740562438964844
2486,1744146120.6402712,1744146120.682143,0.04187178611755371
2487,1744146120.6486504,1744146120.6942158,0.04556536674499512
2488,1744146120.6495368,1744146120.6903546,0.0408177375793457
2489,1744146120.656045,1744146120.6892772,0.03323221206665039
2490,1744146120.6567268,1744146120.701197,0.04447007179260254
2491,1744146120.6580155,1744146120.6991744,0.04115891456604004
2492,1744146120.660342,1744146120.700677,0.04033493995666504
2493,1744146120.6627996,1744146120.7043319,0.041532278060913086
2494,1744146120.6677313,1744146120.7085617,0.040830373764038086
2495,1744146120.6712239,1744146120.7057703,0.0345463752746582
2496,1744146120.6822178,1744146120.7200658,0.03784799575805664
2497,1744146120.6893432,1744146120.7285585,0.0392153263092041
2498,1744146120.6904092,1744146120.7297337,0.03932452201843262
2499,1744146120.69427,1744146120.7297728,0.03550291061401367
2500,1744146120.6992245,1744146120.7335293,0.03430485725402832
2501,1744146120.7007263,1744146120.738084,0.03735780715942383
2502,1744146120.701242,1744146120.7420475,0.04080557823181152
2503,1744146120.7043893,1744146120.745773,0.04138374328613281
2504,1744146120.7058244,1744146120.7413862,0.03556180000305176
2505,1744146120.7086177,1744146120.7522016,0.04358386993408203
2506,1744146120.7201405,1744146120.7581105,0.03797006607055664
2507,1744146120.7286198,1744146120.7657115,0.037091732025146484
2508,1744146120.729798,1744146120.7701375,0.04033946990966797
2509,1744146120.729884,1744146120.7683,0.038416147232055664
2510,1744146120.7335594,1744146120.7735586,0.03999924659729004
2511,1744146120.738146,1744146120.7777092,0.03956317901611328
2512,1744146120.7414336,1744146120.7804868,0.03905320167541504
2513,1744146120.7420905,1744146120.7863445,0.04425406455993652
2514,1744146120.7458153,1744146120.7882829,0.042467594146728516
2515,1744146120.7522943,1744146120.7956073,0.043313026428222656
2516,1744146120.758206,1744146120.8028178,0.04461193084716797
2517,1744146120.7657807,1744146120.8064604,0.0406796932220459
2518,1744146120.7683423,1744146120.8020484,0.0337061882019043
2519,1744146120.7701797,1744146120.8042386,0.03405880928039551
2520,1744146120.773593,1744146120.813736,0.04014301300048828
2521,1744146120.77775,1744146120.8189795,0.0412294864654541
2522,1744146120.7805207,1744146120.8276734,0.04715275764465332
2523,1744146120.7863984,1744146120.8233225,0.036924123764038086
2524,1744146120.7883477,1744146120.8306465,0.04229879379272461
2525,1744146120.795677,1744146120.8285189,0.03284192085266113
2526,1744146120.802097,1744146120.839457,0.03735995292663574
2527,1744146120.8028643,1744146120.8437805,0.04091620445251465
2528,1744146120.8042808,1744146120.846226,0.04194521903991699
2529,1744146120.8064942,1744146120.8531518,0.046657562255859375
2530,1744146120.8137884,1744146120.8501406,0.03635215759277344
2531,1744146120.8190238,1744146120.8651192,0.04609537124633789
2532,1744146120.8233566,1744146120.8698795,0.04652285575866699
2533,1744146120.827709,1744146120.8633153,0.03560638427734375
2534,1744146120.8285482,1744146120.8716383,0.043090105056762695
2535,1744146120.8306925,1744146120.8750105,0.04431796073913574
2536,1744146120.8394976,1744146120.8829567,0.043459177017211914
2537,1744146120.843814,1744146120.8833864,0.03957247734069824
2538,1744146120.846259,1744146120.8860118,0.03975272178649902
2539,1744146120.85018,1744146120.8933964,0.04321646690368652
2540,1744146120.8531864,1744146120.8912528,0.03806638717651367
2541,1744146120.8633497,1744146120.9073563,0.0440065860748291
2542,1744146120.8651514,1744146120.9026089,0.03745746612548828
2543,1744146120.869913,1744146120.9118316,0.04191851615905762
2544,1744146120.8716679,1744146120.9113424,0.03967452049255371
2545,1744146120.8750439,1744146120.9080288,0.03298497200012207
2546,1744146120.88299,1744146120.921286,0.03829622268676758
2547,1744146120.8834245,1744146120.9234369,0.040012359619140625
2548,1744146120.8860497,1744146120.9186616,0.032611846923828125
2549,1744146120.8912861,1744146120.934077,0.042790889739990234
2550,1744146120.893429,1744146120.9390602,0.04563117027282715
2551,1744146120.9026427,1744146120.9441872,0.041544437408447266
2552,1744146120.9073894,1744146120.9437814,0.0363919734954834
2553,1744146120.9080703,1744146120.950483,0.042412757873535156
2554,1744146120.9113708,1744146120.9490094,0.03763866424560547
2555,1744146120.9118595,1744146120.9459956,0.034136056900024414
2556,1744146120.9186924,1744146120.9597886,0.04109621047973633
2557,1744146120.9213176,1744146120.955161,0.0338435173034668
2558,1744146120.9234645,1744146120.9649405,0.04147601127624512
2559,1744146120.9341106,1744146120.9775207,0.04341006278991699
2560,1744146120.93909,1744146120.9785373,0.03944730758666992
2561,1744146120.9438174,1744146120.9848197,0.04100227355957031
2562,1744146120.9442158,1744146120.984251,0.040035247802734375
2563,1744146120.946024,1744146120.9827178,0.03669381141662598
2564,1744146120.9490376,1744146120.9942582,0.04522061347961426
2565,1744146120.950514,1744146120.9894354,0.038921356201171875
2566,1744146120.955194,1744146120.995839,0.04064512252807617
2567,1744146120.959819,1744146120.9938083,0.03398919105529785
2568,1744146120.9649935,1744146121.0050535,0.04006004333496094
2569,1744146120.9775589,1744146121.020532,0.04297304153442383
2570,1744146120.9785693,1744146121.0230134,0.04444408416748047
2571,1744146120.982753,1744146121.021499,0.038745880126953125
2572,1744146120.9842987,1744146121.022982,0.038683176040649414
2573,1744146120.9848635,1744146121.0222905,0.03742694854736328
2574,1744146120.9894962,1744146121.0254607,0.0359644889831543
2575,1744146120.9938421,1744146121.0268917,0.033049583435058594
2576,1744146120.9942932,1744146121.0281694,0.03387618064880371
2577,1744146120.9958773,1744146121.0278873,0.03201007843017578
2578,1744146121.0050852,1744146121.0303917,0.02530646324157715
2579,1744146121.0205684,1744146121.0461783,0.025609970092773438
2580,1744146121.0215297,1744146121.060642,0.03911232948303223
2581,1744146121.0223212,1744146121.061614,0.03929281234741211
2582,1744146121.0230346,1744146121.065651,0.04261636734008789
2583,1744146121.0230906,1744146121.064878,0.04178738594055176
2584,1744146121.0254989,1744146121.0675921,0.04209327697753906
2585,1744146121.0269196,1744146121.0718675,0.04494786262512207
2586,1744146121.0279162,1744146121.0695791,0.04166293144226074
2587,1744146121.0281954,1744146121.078747,0.050551652908325195
2588,1744146121.030433,1744146121.074859,0.04442596435546875
2589,1744146121.046222,1744146121.0845304,0.03830838203430176
2590,1744146121.0606804,1744146121.1036437,0.042963266372680664
2591,1744146121.0616503,1744146121.0992033,0.03755307197570801
2592,1744146121.0649137,1744146121.1033022,0.03838849067687988
2593,1744146121.0657008,1744146121.1040769,0.0383760929107666
2594,1744146121.0676265,1744146121.1052577,0.03763127326965332
2595,1744146121.0696416,1744146121.1094124,0.03977084159851074
2596,1744146121.0719135,1744146121.1101072,0.038193702697753906
2597,1744146121.0749032,1744146121.1135523,0.03864908218383789
2598,1744146121.0787818,1744146121.1108017,0.032019853591918945
2599,1744146121.0845804,1744146121.1129782,0.028397798538208008
2600,1744146121.0992424,1744146121.1314845,0.0322420597076416
2601,1744146121.103337,1744146121.1401782,0.03684115409851074
2602,1744146121.1036758,1744146121.1380906,0.03441476821899414
2603,1744146121.1041079,1744146121.1466668,0.042558908462524414
2604,1744146121.105304,1744146121.153387,0.04808306694030762
2605,1744146121.1094637,1744146121.1479986,0.03853487968444824
2606,1744146121.1101441,1744146121.1559918,0.04584765434265137
2607,1744146121.1108425,1744146121.160816,0.049973487854003906
2608,1744146121.1130128,1744146121.15753,0.04451727867126465
2609,1744146121.113586,1744146121.155632,0.04204607009887695
2610,1744146121.1315296,1744146121.1690755,0.03754591941833496
2611,1744146121.1381462,1744146121.17919,0.041043758392333984
2612,1744146121.140211,1744146121.183142,0.04293084144592285
2613,1744146121.1467028,1744146121.1777894,0.03108668327331543
2614,1744146121.1480367,1744146121.1870964,0.03905963897705078
2615,1744146121.153424,1744146121.1952128,0.04178881645202637
2616,1744146121.1556664,1744146121.1972132,0.04154682159423828
2617,1744146121.1560228,1744146121.201658,0.045635223388671875
2618,1744146121.1575685,1744146121.1981292,0.04056072235107422
2619,1744146121.1608677,1744146121.2038167,0.04294896125793457
2620,1744146121.169141,1744146121.201612,0.0324709415435791
2621,1744146121.1778457,1744146121.2152874,0.03744173049926758
2622,1744146121.1792252,1744146121.2190363,0.039811134338378906
2623,1744146121.1831803,1744146121.2247293,0.041548967361450195
2624,1744146121.1871428,1744146121.2220726,0.034929752349853516
2625,1744146121.1952524,1744146121.2369196,0.04166722297668457
2626,1744146121.1972568,1744146121.241633,0.04437613487243652
2627,1744146121.1981668,1744146121.2341168,0.0359499454498291
2628,1744146121.2017083,1744146121.2427511,0.04104280471801758
2629,1744146121.2017963,1744146121.2385066,0.036710262298583984
2630,1744146121.2038553,1744146121.244137,0.04028177261352539
2631,1744146121.21533,1744146121.257975,0.04264521598815918
2632,1744146121.219078,1744146121.2627897,0.04371166229248047
2633,1744146121.2221112,1744146121.2600112,0.03789997100830078
2634,1744146121.2247672,1744146121.2574835,0.03271627426147461
2635,1744146121.2341704,1744146121.2715487,0.03737831115722656
2636,1744146121.2369702,1744146121.2826664,0.045696258544921875
2637,1744146121.2385442,1744146121.2740579,0.03551363945007324
2638,1744146121.2416701,1744146121.2804158,0.03874564170837402
2639,1744146121.242786,1744146121.2894175,0.046631574630737305
2640,1744146121.2441704,1744146121.283159,0.038988590240478516
2641,1744146121.2575364,1744146121.3013356,0.04379916191101074
2642,1744146121.258012,1744146121.3021162,0.04410409927368164
2643,1744146121.26005,1744146121.3093321,0.049282073974609375
2644,1744146121.2628293,1744146121.2989986,0.03616929054260254
2645,1744146121.2716026,1744146121.314186,0.042583465576171875
2646,1744146121.2740972,1744146121.3099513,0.03585410118103027
2647,1744146121.2804675,1744146121.3167217,0.036254167556762695
2648,1744146121.2827082,1744146121.321786,0.0390777587890625
2649,1744146121.2832131,1744146121.3198504,0.036637306213378906
2650,1744146121.2894638,1744146121.3300548,0.04059100151062012
2651,1744146121.2990494,1744146121.3358593,0.03680992126464844
2652,1744146121.3014011,1744146121.3445158,0.043114662170410156
2653,1744146121.3021545,1744146121.3471494,0.04499483108520508
2654,1744146121.3093853,1744146121.3450358,0.03565049171447754
2655,1744146121.3099947,1744146121.344077,0.03408241271972656
2656,1744146121.3142521,1744146121.354864,0.04061174392700195
2657,1744146121.316772,1744146121.3557858,0.03901386260986328
2658,1744146121.3198986,1744146121.3540614,0.03416275978088379
2659,1744146121.3218257,1744146121.3540075,0.032181739807128906
2660,1744146121.3301015,1744146121.365521,0.035419464111328125
2661,1744146121.3359165,1744146121.3730617,0.037145137786865234
2662,1744146121.344118,1744146121.3874044,0.04328632354736328
2663,1744146121.344555,1744146121.3831136,0.0385587215423584
2664,1744146121.3450692,1744146121.3883326,0.04326343536376953
2665,1744146121.347188,1744146121.3878355,0.04064750671386719
2666,1744146121.3540907,1744146121.3916986,0.03760790824890137
2667,1744146121.3542035,1744146121.3903883,0.03618478775024414
2668,1744146121.3548973,1744146121.3923736,0.037476301193237305
2669,1744146121.3558187,1744146121.3937774,0.037958621978759766
2670,1744146121.365558,1744146121.3977308,0.03217291831970215
2671,1744146121.3730946,1744146121.3973205,0.024225950241088867
2672,1744146121.3831573,1744146121.4178364,0.03467917442321777
2673,1744146121.3874414,1744146121.421542,0.03410053253173828
2674,1744146121.3878853,1744146121.4236913,0.03580594062805176
2675,1744146121.3883672,1744146121.4275384,0.03917121887207031
2676,1744146121.390424,1744146121.4392123,0.04878830909729004
2677,1744146121.3917315,1744146121.4326918,0.04096031188964844
2678,1744146121.3924081,1744146121.437081,0.04467296600341797
2679,1744146121.3938127,1744146121.4434483,0.04963564872741699
2680,1744146121.397354,1744146121.4412553,0.04390144348144531
2681,1744146121.3977776,1744146121.4502127,0.05243515968322754
2682,1744146121.4178724,1744146121.458686,0.04081368446350098
2683,1744146121.4215763,1744146121.4533758,0.0317995548248291
2684,1744146121.4237263,1744146121.4600651,0.03633880615234375
2685,1744146121.4275723,1744146121.4641435,0.03657126426696777
2686,1744146121.4327283,1744146121.4709215,0.0381932258605957
2687,1744146121.4371903,1744146121.477409,0.04021859169006348
2688,1744146121.4392488,1744146121.4752972,0.03604841232299805
2689,1744146121.4412951,1744146121.4788675,0.037572383880615234
2690,1744146121.4434824,1744146121.4848168,0.04133439064025879
2691,1744146121.4503336,1744146121.4897795,0.03944587707519531
2692,1744146121.4535012,1744146121.4939373,0.0404360294342041
2693,1744146121.4588108,1744146121.502853,0.044042110443115234
2694,1744146121.4602041,1744146121.4955766,0.03537249565124512
2695,1744146121.4642692,1744146121.5012627,0.03699350357055664
2696,1744146121.4710717,1744146121.5076284,0.03655672073364258
2697,1744146121.4754398,1744146121.516081,0.04064130783081055
2698,1744146121.4775772,1744146121.5147665,0.03718924522399902
2699,1744146121.4790156,1744146121.5198967,0.04088115692138672
2700,1744146121.4849374,1744146121.525166,0.04022860527038574
2701,1744146121.4899032,1744146121.5335436,0.0436403751373291
2702,1744146121.4941003,1744146121.5269659,0.03286552429199219
2703,1744146121.4957104,1744146121.5423067,0.04659628868103027
2704,1744146121.5013845,1744146121.54055,0.039165496826171875
2705,1744146121.50299,1744146121.5418224,0.03883242607116699
2706,1744146121.507759,1744146121.5449312,0.03717207908630371
2707,1744146121.5149167,1744146121.5499105,0.034993886947631836
2708,1744146121.5162053,1744146121.5573108,0.04110550880432129
2709,1744146121.5200665,1744146121.5588489,0.038782358169555664
2710,1744146121.525202,1744146121.5642598,0.03905773162841797
2711,1744146121.5269969,1744146121.5667117,0.039714813232421875
2712,1744146121.5335758,1744146121.5843327,0.05075693130493164
2713,1744146121.5405817,1744146121.5825415,0.04195976257324219
2714,1744146121.541853,1744146121.5802045,0.03835153579711914
2715,1744146121.542352,1744146121.5815413,0.03918933868408203
2716,1744146121.5449615,1744146121.5796142,0.0346527099609375
2717,1744146121.5499406,1744146121.5861046,0.036164045333862305
2718,1744146121.5573406,1744146121.5907094,0.033368825912475586
2719,1744146121.5588784,1744146121.5932894,0.034410953521728516
2720,1744146121.5642896,1744146121.5981836,0.03389406204223633
2721,1744146121.5667412,1744146121.5957544,0.02901315689086914
2722,1744146121.5796454,1744146121.6150339,0.03538846969604492
2723,1744146121.580234,1744146121.62098,0.04074597358703613
2724,1744146121.5815701,1744146121.6223354,0.04076528549194336
2725,1744146121.582571,1744146121.6250548,0.04248380661010742
2726,1744146121.584363,1744146121.6258607,0.04149770736694336
2727,1744146121.5861347,1744146121.6297114,0.043576717376708984
2728,1744146121.590738,1744146121.6307013,0.0399632453918457
2729,1744146121.593319,1744146121.628157,0.034837961196899414
2730,1744146121.5957875,1744146121.6301491,0.03436160087585449
2731,1744146121.5982134,1744146121.6364315,0.038218021392822266
2732,1744146121.6150732,1744146121.6525185,0.0374453067779541
2733,1744146121.6210124,1744146121.6601167,0.03910422325134277
2734,1744146121.6223657,1744146121.6610775,0.0387117862701416
2735,1744146121.6250863,1744146121.6616676,0.03658127784729004
2736,1744146121.6258914,1744146121.6644895,0.038598060607910156
2737,1744146121.6281874,1744146121.6650174,0.03682994842529297
2738,1744146121.629753,1744146121.6673079,0.03755474090576172
2739,1744146121.6301916,1744146121.6688924,0.03870081901550293
2740,1744146121.6307302,1744146121.669533,0.0388028621673584
2741,1744146121.6364613,1744146121.674454,0.03799271583557129
2742,1744146121.652554,1744146121.684506,0.031951904296875
2743,1744146121.660163,1744146121.6979063,0.037743330001831055
2744,1744146121.6611197,1744146121.7006242,0.0395045280456543
2745,1744146121.6617095,1744146121.7051883,0.04347872734069824
2746,1744146121.6645408,1744146121.7041044,0.039563655853271484
2747,1744146121.6650555,1744146121.702947,0.037891387939453125
2748,1744146121.6673365,1744146121.708272,0.040935516357421875
2749,1744146121.6689236,1744146121.7103071,0.04138350486755371
2750,1744146121.6695626,1744146121.7083876,0.038825035095214844
2751,1744146121.6745,1744146121.7124298,0.03792977333068848
2752,1744146121.6847057,1744146121.715014,0.030308246612548828
2753,1744146121.6980302,1744146121.732572,0.03454184532165527
2754,1744146121.7007363,1744146121.7361946,0.03545832633972168
2755,1744146121.7030568,1744146121.7411158,0.03805899620056152
2756,1744146121.7042217,1744146121.7425761,0.03835439682006836
2757,1744146121.705285,1744146121.7442381,0.03895306587219238
2758,1744146121.7084706,1744146121.7473052,0.038834571838378906
2759,1744146121.7087336,1744146121.7539883,0.04525470733642578
2760,1744146121.710425,1744146121.751795,0.04137015342712402
2761,1744146121.7125506,1744146121.749477,0.03692626953125
2762,1744146121.715085,1744146121.7553449,0.04025983810424805
2763,1744146121.732706,1744146121.7742085,0.04150247573852539
2764,1744146121.7363563,1744146121.7683444,0.03198814392089844
2765,1744146121.7412453,1744146121.78363,0.04238462448120117
2766,1744146121.742698,1744146121.7859998,0.04330182075500488
2767,1744146121.744365,1744146121.785131,0.040766000747680664
2768,1744146121.7474802,1744146121.7837517,0.03627157211303711
2769,1744146121.74965,1744146121.791367,0.0417170524597168
2770,1744146121.751963,1744146121.7892296,0.03726673126220703
2771,1744146121.7541807,1744146121.7904792,0.036298513412475586
2772,1744146121.7554874,1744146121.7920687,0.03658127784729004
2773,1744146121.768458,1744146121.794159,0.025701045989990234
2774,1744146121.774332,1744146121.8009372,0.02660512924194336
2775,1744146121.7838264,1744146121.8130095,0.029183149337768555
2776,1744146121.7840395,1744146121.8174634,0.03342390060424805
2777,1744146121.785218,1744146121.8333035,0.04808545112609863
2778,1744146121.7860813,1744146121.8347085,0.04862713813781738
2779,1744146121.7893536,1744146121.8341656,0.04481196403503418
2780,1744146121.7905662,1744146121.836711,0.046144723892211914
2781,1744146121.7914598,1744146121.8374596,0.045999765396118164
2782,1744146121.792144,1744146121.835987,0.04384303092956543
2783,1744146121.7942379,1744146121.8381355,0.04389762878417969
2784,1744146121.8010352,1744146121.839289,0.0382537841796875
2785,1744146121.8130932,1744146121.8427296,0.029636383056640625
2786,1744146121.8175385,1744146121.843477,0.02593851089477539
2787,1744146121.8334157,1744146121.8622508,0.028835058212280273
2788,1744146121.8342278,1744146121.8715591,0.037331342697143555
2789,1744146121.834764,1744146121.8701105,0.03534650802612305
2790,1744146121.8360674,1744146121.8826034,0.04653596878051758
2791,1744146121.8367949,1744146121.8857286,0.04893374443054199
2792,1744146121.8375201,1744146121.8806646,0.04314446449279785
2793,1744146121.838221,1744146121.8876987,0.049477577209472656
2794,1744146121.839348,1744146121.8887699,0.04942178726196289
2795,1744146121.8427932,1744146121.8922749,0.04948163032531738
2796,1744146121.8435163,1744146121.8901813,0.04666495323181152
2797,1744146121.8623066,1744146121.9030342,0.04072761535644531
2798,1744146121.8701706,1744146121.9159985,0.04582786560058594
2799,1744146121.871606,1744146121.9112537,0.039647579193115234
2800,1744146121.8807228,1744146121.9199004,0.039177656173706055
2801,1744146121.8826458,1744146121.9190814,0.036435604095458984
2802,1744146121.8857746,1744146121.921297,0.0355224609375
2803,1744146121.8877368,1744146121.932223,0.044486284255981445
2804,1744146121.8888042,1744146121.9279196,0.03911542892456055
2805,1744146121.8902209,1744146121.9351337,0.04491281509399414
2806,1744146121.8923235,1744146121.9286106,0.03628706932067871
2807,1744146121.9030848,1744146121.942883,0.03979825973510742
2808,1744146121.911297,1744146121.9490373,0.037740230560302734
2809,1744146121.9160378,1744146121.9555037,0.039465904235839844
2810,1744146121.9191222,1744146121.9577868,0.03866457939147949
2811,1744146121.9199412,1744146121.9610553,0.041114091873168945
2812,1744146121.9213371,1744146121.9654932,0.04415607452392578
2813,1744146121.9279647,1744146121.9715545,0.04358983039855957
2814,1744146121.9286532,1744146121.9696157,0.04096245765686035
2815,1744146121.9322665,1744146121.9746711,0.0424046516418457
2816,1744146121.935174,1744146121.9794016,0.04422760009765625
2817,1744146121.9429357,1744146121.9894905,0.0465548038482666
2818,1744146121.949081,1744146121.996351,0.04727005958557129
2819,1744146121.9555583,1744146121.9989223,0.04336404800415039
2820,1744146121.9578261,1744146121.9979599,0.04013371467590332
2821,1744146121.9611151,1744146121.9958954,0.034780263900756836
2822,1744146121.96554,1744146122.0092254,0.0436854362487793
2823,1744146121.9696584,1744146122.0029128,0.033254384994506836
2824,1744146121.9715934,1744146122.0136635,0.04207015037536621
2825,1744146121.974711,1744146122.0058408,0.031129837036132812
2826,1744146121.9794438,1744146122.0183747,0.03893089294433594
2827,1744146121.9895399,1744146122.0307767,0.04123687744140625
2828,1744146121.9959471,1744146122.037996,0.04204893112182617
2829,1744146121.996389,1744146122.0371737,0.04078483581542969
2830,1744146121.998001,1744146122.0372415,0.039240360260009766
2831,1744146121.9989748,1744146122.039929,0.0409541130065918
2832,1744146122.0029426,1744146122.0457246,0.04278206825256348
2833,1744146122.0058694,1744146122.044912,0.03904271125793457
2834,1744146122.0092676,1744146122.0453358,0.03606820106506348
2835,1744146122.0137072,1744146122.0482907,0.03458356857299805
2836,1744146122.018404,1744146122.053263,0.03485894203186035
2837,1744146122.0308194,1744146122.0645056,0.033686161041259766
2838,1744146122.0372949,1744146122.0760827,0.038787841796875
2839,1744146122.0374067,1744146122.0833654,0.045958757400512695
2840,1744146122.0380332,1744146122.0818064,0.04377317428588867
2841,1744146122.0400062,1744146122.0828795,0.042873382568359375
2842,1744146122.0449772,1744146122.0859346,0.04095745086669922
2843,1744146122.0454075,1744146122.0865417,0.04113411903381348
2844,1744146122.0457642,1744146122.0848663,0.03910207748413086
2845,1744146122.0483265,1744146122.0893905,0.04106402397155762
2846,1744146122.0533035,1744146122.0870318,0.03372836112976074
2847,1744146122.0645475,1744146122.097237,0.032689571380615234
2848,1744146122.0761435,1744146122.1112509,0.03510737419128418
2849,1744146122.0818489,1744146122.1220827,0.04023385047912598
2850,1744146122.0829196,1744146122.1194983,0.03657865524291992
2851,1744146122.0834017,1744146122.1292846,0.0458829402923584
2852,1744146122.0849068,1744146122.130773,0.04586625099182129
2853,1744146122.0859706,1744146122.1321456,0.04617500305175781
2854,1744146122.086587,1744146122.1279197,0.04133272171020508
2855,1744146122.0870678,1744146122.1339478,0.04688000679016113
2856,1744146122.0894325,1744146122.133771,0.04433846473693848
2857,1744146122.0972817,1744146122.1361854,0.03890371322631836
2858,1744146122.1112952,1744146122.1409826,0.02968740463256836
2859,1744146122.1195385,1744146122.151521,0.031982421875
2860,1744146122.1221232,1744146122.1566594,0.034536123275756836
2861,1744146122.1281152,1744146122.1767404,0.04862523078918457
2862,1744146122.129523,1744146122.1733944,0.043871402740478516
2863,1744146122.1309662,1744146122.1751027,0.04413652420043945
2864,1744146122.1323593,1744146122.1785114,0.04615211486816406
2865,1744146122.1341033,1744146122.171586,0.03748273849487305
2866,1744146122.1344588,1744146122.1804416,0.04598283767700195
2867,1744146122.1363642,1744146122.1818252,0.04546093940734863
2868,1744146122.1411254,1744146122.1806335,0.03950810432434082
2869,1744146122.1516907,1744146122.1840084,0.0323176383972168
2870,1744146122.1567914,1744146122.1854494,0.028657913208007812
2871,1744146122.1718047,1744146122.1973903,0.025585651397705078
2872,1744146122.1735752,1744146122.2126422,0.03906702995300293
2873,1744146122.175279,1744146122.2185283,0.04324936866760254
2874,1744146122.176926,1744146122.2157314,0.038805484771728516
2875,1744146122.1787117,1744146122.2204382,0.04172658920288086
2876,1744146122.1809871,1744146122.2227192,0.041732072830200195
2877,1744146122.1813717,1744146122.2186751,0.03730344772338867
2878,1744146122.18356,1744146122.2275023,0.04394245147705078
2879,1744146122.1850345,1744146122.2218277,0.03679323196411133
2880,1744146122.186325,1744146122.2264404,0.0401153564453125
2881,1744146122.1975415,1744146122.2294757,0.031934261322021484
2882,1744146122.2127433,1744146122.2523205,0.03957724571228027
2883,1744146122.2158127,1744146122.2490249,0.03321218490600586
2884,1744146122.2187903,1744146122.2551336,0.03634333610534668
2885,1744146122.2190373,1744146122.253741,0.034703731536865234
2886,1744146122.22058,1744146122.258153,0.03757286071777344
2887,1744146122.2219584,1744146122.2649531,0.04299473762512207
2888,1744146122.2228181,1744146122.2673106,0.044492483139038086
2889,1744146122.2265615,1744146122.2737114,0.0471498966217041
2890,1744146122.2276087,1744146122.270303,0.0426943302154541
2891,1744146122.229591,1744146122.2782364,0.0486454963684082
2892,1744146122.2491357,1744146122.2900832,0.04094743728637695
2893,1744146122.2524588,1744146122.2954412,0.04298233985900879
2894,1744146122.253818,1744146122.2960303,0.04221224784851074
2895,1744146122.2552118,1744146122.294744,0.03953218460083008
2896,1744146122.2582288,1744146122.2978024,0.03957366943359375
2897,1744146122.2650313,1744146122.299995,0.03496360778808594
2898,1744146122.2674346,1744146122.2993221,0.03188753128051758
2899,1744146122.270402,1744146122.3049884,0.034586429595947266
2900,1744146122.2738051,1744146122.3065202,0.0327150821685791
2901,1744146122.278315,1744146122.3105805,0.032265424728393555
2902,1744146122.2901616,1744146122.3304207,0.04025912284851074
2903,1744146122.2948174,1744146122.3325255,0.03770804405212402
2904,1744146122.2955184,1744146122.33101,0.0354917049407959
2905,1744146122.2960904,1744146122.33544,0.03934955596923828
2906,1744146122.2978544,1744146122.3392637,0.04140925407409668
2907,1744146122.2993753,1744146122.340829,0.04145359992980957
2908,1744146122.3000455,1744146122.3401008,0.040055274963378906
2909,1744146122.305049,1744146122.344373,0.039324045181274414
2910,1744146122.3066118,1744146122.347126,0.040514230728149414
2911,1744146122.3106475,1744146122.3505774,0.039929866790771484
2912,1744146122.3304868,1744146122.3679035,0.037416696548461914
2913,1744146122.331076,1744146122.372982,0.041906118392944336
2914,1744146122.3325863,1744146122.37116,0.0385737419128418
2915,1744146122.3355129,1744146122.374316,0.0388031005859375
2916,1744146122.3393667,1744146122.3795621,0.040195465087890625
2917,1744146122.3401828,1744146122.3908458,0.050662994384765625
2918,1744146122.3409054,1744146122.3864622,0.04555678367614746
2919,1744146122.3444347,1744146122.3891122,0.0446774959564209
2920,1744146122.3471873,1744146122.3812864,0.03409910202026367
2921,1744146122.3506358,1744146122.3879406,0.03730487823486328
2922,1744146122.3679574,1744146122.406668,0.038710594177246094
2923,1744146122.3712163,1744146122.4112027,0.039986371994018555
2924,1744146122.3730369,1744146122.41126,0.0382230281829834
2925,1744146122.374365,1744146122.4121978,0.03783273696899414
2926,1744146122.3796163,1744146122.4164853,0.036869049072265625
2927,1744146122.3813374,1744146122.415668,0.03433060646057129
2928,1744146122.386518,1744146122.4252255,0.03870749473571777
2929,1744146122.387991,1744146122.4281313,0.040140390396118164
2930,1744146122.3891902,1744146122.4212,0.03200984001159668
2931,1744146122.3908963,1744146122.4307642,0.03986787796020508
2932,1744146122.4067357,1744146122.4519985,0.045262813568115234
2933,1744146122.4112978,1744146122.4463947,0.03509688377380371
2934,1744146122.4114075,1744146122.4525177,0.04111027717590332
2935,1744146122.412245,1744146122.4585886,0.04634356498718262
2936,1744146122.415732,1744146122.4540904,0.038358449935913086
2937,1744146122.41654,1744146122.4531102,0.03657031059265137
2938,1744146122.4212646,1744146122.4589975,0.037732839584350586
2939,1744146122.4252937,1744146122.4613965,0.0361027717590332
2940,1744146122.4281845,1744146122.460992,0.03280758857727051
2941,1744146122.430816,1744146122.461773,0.03095698356628418
2942,1744146122.446479,1744146122.4767087,0.030229568481445312
2943,1744146122.4520671,1744146122.4920173,0.03995013236999512
2944,1744146122.4525611,1744146122.4952204,0.04265928268432617
2945,1744146122.453157,1744146122.4937282,0.04057121276855469
2946,1744146122.454132,1744146122.4931815,0.039049386978149414
2947,1744146122.4586515,1744146122.4988759,0.040224313735961914
2948,1744146122.4590335,1744146122.50276,0.043726444244384766
2949,1744146122.4610376,1744146122.5014343,0.040396690368652344
2950,1744146122.4614527,1744146122.5020556,0.040602922439575195
2951,1744146122.4618037,1744146122.5042624,0.04245877265930176
2952,1744146122.476757,1744146122.5104785,0.0337214469909668
2953,1744146122.492075,1744146122.532989,0.040914058685302734
2954,1744146122.4932303,1744146122.532125,0.0388946533203125
2955,1744146122.4937983,1744146122.5346844,0.04088616371154785
2956,1744146122.4952776,1744146122.5302866,0.035008907318115234
2957,1744146122.498927,1744146122.5363433,0.03741621971130371
2958,1744146122.5014849,1744146122.5368648,0.035379886627197266
2959,1744146122.5021036,1744146122.5397077,0.03760409355163574
2960,1744146122.5028086,1744146122.5390408,0.03623223304748535
2961,1744146122.5043151,1744146122.5446444,0.0403292179107666
2962,1744146122.5105283,1744146122.5435383,0.033010005950927734
2963,1744146122.5303583,1744146122.5696445,0.039286136627197266
2964,1744146122.5321941,1744146122.568463,0.03626894950866699
2965,1744146122.5330386,1744146122.5730293,0.03999066352844238
2966,1744146122.5347345,1744146122.5752747,0.040540218353271484
2967,1744146122.5363932,1744146122.5714135,0.03502035140991211
2968,1744146122.5369134,1744146122.5767198,0.039806365966796875
2969,1744146122.539103,1744146122.5873911,0.04828810691833496
2970,1744146122.5397587,1744146122.5893302,0.04957151412963867
2971,1744146122.543591,1744146122.5820348,0.038443803787231445
2972,1744146122.5446942,1744146122.5956142,0.05092000961303711
2973,1744146122.5685203,1744146122.60982,0.04129958152770996
2974,1744146122.56973,1744146122.6091955,0.03946542739868164
2975,1744146122.5714648,1744146122.6128893,0.04142451286315918
2976,1744146122.57308,1744146122.6155124,0.042432308197021484
2977,1744146122.575335,1744146122.6143758,0.03904080390930176
2978,1744146122.5767705,1744146122.616565,0.0397944450378418
2979,1744146122.5820894,1744146122.6179757,0.035886287689208984
2980,1744146122.5874412,1744146122.6314793,0.04403805732727051
2981,1744146122.589381,1744146122.6207902,0.031409263610839844
2982,1744146122.595664,1744146122.6330554,0.03739142417907715
2983,1744146122.6092489,1744146122.6525867,0.04333782196044922
2984,1744146122.6098657,1744146122.6479082,0.038042545318603516
2985,1744146122.6129386,1744146122.6525202,0.0395815372467041
2986,1744146122.6144252,1744146122.6495113,0.03508615493774414
2987,1744146122.6155791,1744146122.6556246,0.04004549980163574
2988,1744146122.6166148,1744146122.6577075,0.041092634201049805
2989,1744146122.618031,1744146122.6592126,0.04118156433105469
2990,1744146122.6208458,1744146122.6670446,0.04619884490966797
2991,1744146122.631539,1744146122.6643455,0.032806396484375
2992,1744146122.633106,1744146122.6626172,0.029511213302612305
2993,1744146122.6479783,1744146122.691852,0.04387378692626953
2994,1744146122.6495688,1744146122.6909857,0.04141688346862793
2995,1744146122.6526587,1744146122.6898723,0.03721356391906738
2996,1744146122.6527972,1744146122.6904838,0.03768658638000488
2997,1744146122.6556818,1744146122.6891372,0.03345537185668945
2998,1744146122.657771,1744146122.6966102,0.038839101791381836
2999,1744146122.65927,1744146122.6961195,0.0368494987487793
3000,1744146122.6626885,1744146122.6937568,0.03106832504272461
3001,1744146122.6644063,1744146122.6947656,0.030359268188476562
3002,1744146122.667104,1744146122.697146,0.030041933059692383
3003,1744146122.689219,1744146122.7136636,0.024444580078125
3004,1744146122.6899345,1744146122.7274745,0.03753995895385742
3005,1744146122.690544,1744146122.7342649,0.04372096061706543
3006,1744146122.6910422,1744146122.7348382,0.04379606246948242
3007,1744146122.6919093,1744146122.7321184,0.040209054946899414
3008,1744146122.693816,1744146122.7363584,0.042542457580566406
3009,1744146122.6948123,1744146122.7371895,0.04237723350524902
3010,1744146122.6961656,1744146122.7415187,0.04535317420959473
3011,1744146122.696661,1744146122.7475228,0.05086183547973633
3012,1744146122.697201,1744146122.7441325,0.04693150520324707
3013,1744146122.71377,1744146122.750637,0.03686714172363281
3014,1744146122.7275503,1744146122.7695498,0.04199957847595215
3015,1744146122.7321732,1744146122.7654455,0.03327226638793945
3016,1744146122.7343462,1744146122.772406,0.03805994987487793
3017,1744146122.7349064,1744146122.7752523,0.04034590721130371
3018,1744146122.7364326,1744146122.7732322,0.03679966926574707
3019,1744146122.7372375,1744146122.781361,0.04412364959716797
3020,1744146122.7415648,1744146122.7772317,0.03566694259643555
3021,1744146122.7441716,1744146122.7859902,0.04181861877441406
3022,1744146122.7475715,1744146122.780098,0.032526493072509766
3023,1744146122.7506795,1744146122.7911637,0.04048418998718262
3024,1744146122.7655256,1744146122.806611,0.04108548164367676
3025,1744146122.7696025,1744146122.8109248,0.04132223129272461
3026,1744146122.7724633,1744146122.8118422,0.03937888145446777
3027,1744146122.773289,1744146122.8149245,0.04163551330566406
3028,1744146122.7753136,1744146122.8161576,0.040843963623046875
3029,1744146122.777277,1744146122.8136296,0.03635263442993164
3030,1744146122.7801433,1744146122.8169644,0.03682112693786621
3031,1744146122.781401,1744146122.8135574,0.03215646743774414
3032,1744146122.7860587,1744146122.8224478,0.03638911247253418
3033,1744146122.7912464,1744146122.8209758,0.029729366302490234
3034,1744146122.806666,1744146122.8460195,0.03935360908508301
3035,1744146122.810975,1744146122.8527665,0.041791439056396484
3036,1744146122.811882,1744146122.850283,0.038400888442993164
3037,1744146122.8137019,1744146122.855247,0.04154515266418457
3038,1744146122.8138576,1744146122.8546975,0.04083991050720215
3039,1744146122.8149858,1744146122.8613384,0.04635262489318848
3040,1744146122.8161929,1744146122.8581412,0.04194831848144531
3041,1744146122.8169937,1744146122.867968,0.050974369049072266
3042,1744146122.8210201,1744146122.867924,0.04690384864807129
3043,1744146122.8224819,1744146122.8698983,0.04741644859313965
3044,1744146122.8460891,1744146122.8873246,0.04123544692993164
3045,1744146122.8503506,1744146122.8914366,0.04108595848083496
3046,1744146122.8528087,1744146122.8889463,0.03613758087158203
3047,1744146122.854747,1744146122.891127,0.03638005256652832
3048,1744146122.8552794,1744146122.892168,0.03688859939575195
3049,1744146122.8581808,1744146122.8935733,0.03539252281188965
3050,1744146122.8613772,1744146122.8967378,0.03536057472229004
3051,1744146122.8679945,1744146122.9051206,0.03712606430053711
3052,1744146122.8680773,1744146122.9140356,0.04595828056335449
3053,1744146122.8699296,1744146122.9155853,0.04565572738647461
3054,1744146122.8873677,1744146122.9282053,0.04083752632141113
3055,1744146122.888979,1744146122.9257178,0.03673887252807617
3056,1744146122.89116,1744146122.932606,0.04144597053527832
3057,1744146122.8914673,1744146122.935057,0.04358959197998047
3058,1744146122.8922076,1744146122.9315872,0.03937959671020508
3059,1744146122.893604,1744146122.9309056,0.03730154037475586
3060,1744146122.8967705,1744146122.9362688,0.039498329162597656
3061,1744146122.905159,1744146122.9425492,0.03739023208618164
3062,1744146122.9140697,1744146122.9514134,0.037343740463256836
3063,1744146122.9156175,1744146122.962645,0.047027587890625
3064,1744146122.925756,1744146122.9702413,0.04448533058166504
3065,1744146122.928238,1744146122.9677522,0.03951430320739746
3066,1744146122.930937,1744146122.9677203,0.03678321838378906
3067,1744146122.9316332,1744146122.968747,0.03711366653442383
3068,1744146122.9326365,1744146122.9697902,0.03715372085571289
3069,1744146122.9350877,1744146122.977444,0.042356252670288086
3070,1744146122.9363058,1744146122.9769688,0.04066300392150879
3071,1744146122.9425807,1744146122.977865,0.03528428077697754
3072,1744146122.9514585,1744146122.9878604,0.036401987075805664
3073,1744146122.9626908,1744146123.0018067,0.03911590576171875
3074,1744146122.967774,1744146123.0090601,0.04128623008728027
3075,1744146122.9678388,1744146123.0090923,0.04125356674194336
3076,1744146122.968776,1744146123.0064225,0.03764653205871582
3077,1744146122.9698188,1744146123.0082006,0.03838181495666504
3078,1744146122.9702797,1744146123.0177069,0.04742717742919922
3079,1744146122.9770439,1744146123.0143716,0.03732776641845703
3080,1744146122.9774857,1744146123.0137737,0.03628802299499512
3081,1744146122.977902,1744146123.016689,0.038787126541137695
3082,1744146122.987913,1744146123.0225306,0.03461766242980957
3083,1744146123.001845,1744146123.0389125,0.03706765174865723
3084,1744146123.0064507,1744146123.048152,0.041701316833496094
3085,1744146123.0082312,1744146123.0451202,0.036889076232910156
3086,1744146123.0091136,1744146123.045504,0.03639054298400879
3087,1744146123.0091746,1744146123.0464835,0.03730893135070801
3088,1744146123.013808,1744146123.0527709,0.03896284103393555
3089,1744146123.0143971,1744146123.049864,0.035466909408569336
3090,1744146123.0167296,1744146123.0522807,0.03555107116699219
3091,1744146123.0177362,1744146123.0545871,0.036850929260253906
3092,1744146123.0225596,1744146123.0546188,0.0320591926574707
3093,1744146123.038962,1744146123.0707004,0.0317385196685791
3094,1744146123.0451646,1744146123.0787256,0.033560991287231445
3095,1744146123.045536,1744146123.0826783,0.037142276763916016
3096,1744146123.0465255,1744146123.0871131,0.040587663650512695
3097,1744146123.0481832,1744146123.0849044,0.036721229553222656
3098,1744146123.0498946,1744146123.0950391,0.04514455795288086
3099,1744146123.0523221,1744146123.0931745,0.04085230827331543
3100,1744146123.052799,1744146123.0931375,0.04033851623535156
3101,1744146123.0546412,1744146123.10724,0.05259871482849121
3102,1744146123.0547056,1744146123.1025898,0.047884225845336914
3103,1744146123.0707335,1744146123.104382,0.03364849090576172
3104,1744146123.0787628,1744146123.1211762,0.04241347312927246
3105,1744146123.0827105,1744146123.125451,0.042740583419799805
3106,1744146123.0849364,1744146123.121811,0.03687453269958496
3107,1744146123.0871449,1744146123.1212132,0.03406834602355957
3108,1744146123.0931978,1744146123.1273663,0.03416848182678223
3109,1744146123.093271,1744146123.1285236,0.03525257110595703
3110,1744146123.09507,1744146123.1304257,0.03535580635070801
3111,1744146123.102621,1744146123.1354768,0.03285574913024902
3112,1744146123.104412,1744146123.134935,0.030522823333740234
3113,1744146123.1072748,1744146123.1466012,0.03932642936706543
3114,1744146123.1212373,1744146123.1613655,0.040128231048583984
3115,1744146123.1213148,1744146123.1644561,0.04314136505126953
3116,1744146123.1218402,1744146123.1664524,0.04461216926574707
3117,1744146123.1254823,1744146123.1657922,0.040309906005859375
3118,1744146123.1273973,1744146123.1661131,0.03871583938598633
3119,1744146123.1285532,1744146123.1644943,0.035941123962402344
3120,1744146123.1304555,1744146123.1694224,0.03896689414978027
3121,1744146123.1349673,1744146123.1710784,0.03611111640930176
3122,1744146123.135506,1744146123.1711168,0.03561091423034668
3123,1744146123.146645,1744146123.1775799,0.030934810638427734
3124,1744146123.1614072,1744146123.1952877,0.03388047218322754
3125,1744146123.164518,1744146123.2018337,0.03731560707092285
3126,1744146123.1645973,1744146123.1997166,0.03511929512023926
3127,1744146123.1658263,1744146123.2051697,0.03934335708618164
3128,1744146123.166155,1744146123.2107525,0.04459738731384277
3129,1744146123.1664872,1744146123.211588,0.04510068893432617
3130,1744146123.169462,1744146123.2154343,0.045972347259521484
3131,1744146123.1711438,1744146123.2224617,0.05131793022155762
3132,1744146123.171211,1744146123.2221172,0.05090618133544922
3133,1744146123.1776276,1744146123.2216527,0.04402518272399902
3134,1744146123.1953409,1744146123.2327147,0.03737378120422363
3135,1744146123.1997488,1744146123.235537,0.03578829765319824
3136,1744146123.201869,1744146123.2423368,0.04046773910522461
3137,1744146123.205204,1744146123.2396214,0.03441739082336426
3138,1744146123.2107985,1744146123.249255,0.03845643997192383
3139,1744146123.2116203,1744146123.2522938,0.04067349433898926
3140,1744146123.215469,1744146123.256878,0.04140901565551758
3141,1744146123.2217019,1744146123.2641926,0.04249072074890137
3142,1744146123.2221491,1744146123.2694447,0.047295570373535156
3143,1744146123.2224925,1744146123.2657404,0.04324793815612793
3144,1744146123.2327805,1744146123.275027,0.04224658012390137
3145,1744146123.2355819,1744146123.2674856,0.031903743743896484
3146,1744146123.2396653,1744146123.2761517,0.03648638725280762
3147,1744146123.2423782,1744146123.2866826,0.04430437088012695
3148,1744146123.2493045,1744146123.2824724,0.03316783905029297
3149,1744146123.2523289,1744146123.2912953,0.03896641731262207
3150,1744146123.256929,1744146123.298272,0.041342973709106445
3151,1744146123.2642343,1744146123.3065443,0.04230999946594238
3152,1744146123.2657762,1744146123.3027036,0.03692746162414551
3153,1744146123.267538,1744146123.309368,0.041829824447631836
3154,1744146123.2694926,1744146123.3158355,0.04634284973144531
3155,1744146123.2750833,1744146123.3116474,0.03656411170959473
3156,1744146123.2761967,1744146123.320858,0.04466128349304199
3157,1744146123.2825215,1744146123.3253999,0.04287838935852051
3158,1744146123.286727,1744146123.3273454,0.0406184196472168
3159,1744146123.2913399,1744146123.3233976,0.032057762145996094
3160,1744146123.2983248,1744146123.3412504,0.04292559623718262
3161,1744146123.3027468,1744146123.3374784,0.03473162651062012
3162,1744146123.3065948,1744146123.349552,0.04295706748962402
3163,1744146123.309421,1744146123.3481007,0.03867959976196289
3164,1744146123.3116975,1744146123.352923,0.041225433349609375
3165,1744146123.3158786,1744146123.358693,0.04281425476074219
3166,1744146123.3209028,1744146123.355772,0.03486919403076172
3167,1744146123.3234408,1744146123.3611338,0.037693023681640625
3168,1744146123.3254402,1744146123.358769,0.03332877159118652
3169,1744146123.3273938,1744146123.3650508,0.03765702247619629
3170,1744146123.3375216,1744146123.3757482,0.03822660446166992
3171,1744146123.3412786,1744146123.382357,0.04107832908630371
3172,1744146123.3481643,1744146123.3850584,0.03689408302307129
3173,1744146123.3495948,1744146123.381732,0.032137155532836914
3174,1744146123.352975,1744146123.3937697,0.04079484939575195
3175,1744146123.3558214,1744146123.3923752,0.03655385971069336
3176,1744146123.3588104,1744146123.3923342,0.0335237979888916
3177,1744146123.3589296,1744146123.397803,0.03887343406677246
3178,1744146123.3611743,1744146123.4093213,0.048146963119506836
3179,1744146123.3650942,1744146123.4030542,0.037960052490234375
3180,1744146123.3758419,1744146123.4136033,0.03776144981384277
3181,1744146123.381763,1744146123.4220655,0.04030251502990723
3182,1744146123.382386,1744146123.4315867,0.04920077323913574
3183,1744146123.3850873,1744146123.4300618,0.044974565505981445
3184,1744146123.3924146,1744146123.4252617,0.03284716606140137
3185,1744146123.3925037,1744146123.4274397,0.034935951232910156
3186,1744146123.3938022,1744146123.4301605,0.03635835647583008
3187,1744146123.3978353,1744146123.4382973,0.04046201705932617
3188,1744146123.4030988,1744146123.4462316,0.043132781982421875
3189,1744146123.4093542,1744146123.4477634,0.03840923309326172
3190,1744146123.4136329,1744146123.445503,0.031870126724243164
3191,1744146123.4221148,1744146123.4625041,0.040389299392700195
3192,1744146123.425311,1744146123.460847,0.03553581237792969
3193,1744146123.427527,1744146123.4687078,0.04118084907531738
3194,1744146123.4302304,1744146123.4663572,0.03612685203552246
3195,1744146123.430418,1744146123.4703007,0.039882659912109375
3196,1744146123.4316697,1744146123.4824483,0.05077862739562988
3197,1744146123.4383602,1744146123.477424,0.03906369209289551
3198,1744146123.4455943,1744146123.488401,0.04280662536621094
3199,1744146123.446326,1744146123.4839525,0.03762650489807129
3200,1744146123.447823,1744146123.493793,0.04596996307373047
3201,1744146123.4609072,1744146123.5022323,0.04132509231567383
3202,1744146123.4625602,1744146123.4962215,0.0336613655090332
3203,1744146123.4664161,1744146123.50387,0.03745388984680176
3204,1744146123.4687653,1744146123.506338,0.037572622299194336
3205,1744146123.4703577,1744146123.5124555,0.04209780693054199
3206,1744146123.477509,1744146123.517912,0.040402889251708984
3207,1744146123.4825704,1744146123.5222142,0.03964376449584961
3208,1744146123.48407,1744146123.528269,0.04419898986816406
3209,1744146123.4885187,1744146123.5324688,0.04395008087158203
3210,1744146123.4939208,1744146123.53526,0.04133915901184082
3211,1744146123.496343,1744146123.5326567,0.036313772201538086
3212,1744146123.5023882,1744146123.5394108,0.03702259063720703
3213,1744146123.5039876,1744146123.541051,0.0370633602142334
3214,1744146123.5064578,1744146123.5432045,0.03674674034118652
3215,1744146123.5125844,1744146123.5501473,0.03756284713745117
3216,1744146123.518034,1744146123.5477939,0.029759883880615234
3217,1744146123.5223393,1744146123.5627687,0.04042935371398926
3218,1744146123.528397,1744146123.5683277,0.03993058204650879
3219,1744146123.5327754,1744146123.5765135,0.04373812675476074
3220,1744146123.5330389,1744146123.5814712,0.048432350158691406
3221,1744146123.535382,1744146123.5752702,0.03988814353942871
3222,1744146123.5395312,1744146123.57391,0.034378767013549805
3223,1744146123.5412195,1744146123.5860538,0.04483437538146973
3224,1744146123.543325,1744146123.587389,0.04406404495239258
3225,1744146123.5479171,1744146123.5833268,0.03540968894958496
3226,1744146123.5503254,1744146123.5846982,0.034372806549072266
3227,1744146123.5628936,1744146123.5962195,0.033325910568237305
3228,1744146123.5684881,1744146123.6059523,0.037464141845703125
3229,1744146123.5740519,1744146123.6103947,0.03634285926818848
3230,1744146123.5753925,1744146123.616162,0.04076957702636719
3231,1744146123.5766916,1744146123.6179109,0.041219234466552734
3232,1744146123.5816221,1744146123.6196866,0.03806447982788086
3233,1744146123.583473,1744146123.6240127,0.04053974151611328
3234,1744146123.5848446,1744146123.6284494,0.04360485076904297
3235,1744146123.5862179,1744146123.6258473,0.039629459381103516
3236,1744146123.587523,1744146123.6272688,0.03974580764770508
3237,1744146123.5963683,1744146123.6341765,0.03780817985534668
3238,1744146123.6061413,1744146123.6475437,0.041402339935302734
3239,1744146123.6105764,1744146123.6492558,0.03867936134338379
3240,1744146123.616386,1744146123.6565874,0.040201425552368164
3241,1744146123.6181123,1744146123.655291,0.037178754806518555
3242,1744146123.6199737,1744146123.6600988,0.040125131607055664
3243,1744146123.6241922,1744146123.658211,0.034018754959106445
3244,1744146123.62605,1744146123.6658382,0.039788246154785156
3245,1744146123.6273854,1744146123.6680245,0.04063916206359863
3246,1744146123.6285722,1744146123.6656082,0.03703594207763672
3247,1744146123.6342976,1744146123.6695378,0.03524017333984375
3248,1744146123.6476715,1744146123.6822507,0.03457927703857422
3249,1744146123.6493962,1744146123.6849134,0.035517215728759766
3250,1744146123.6555066,1744146123.690956,0.03544950485229492
3251,1744146123.6567214,1744146123.6949859,0.03826451301574707
3252,1744146123.6584034,1744146123.7015114,0.04310798645019531
3253,1744146123.6602263,1744146123.6985664,0.038340091705322266
3254,1744146123.6660001,1744146123.7027595,0.036759376525878906
3255,1744146123.6663053,1744146123.7067764,0.04047107696533203
3256,1744146123.6681983,1744146123.7118707,0.04367232322692871
3257,1744146123.6697545,1744146123.7135272,0.04377269744873047
3258,1744146123.6824691,1744146123.7254403,0.042971134185791016
3259,1744146123.6850822,1744146123.721116,0.03603386878967285
3260,1744146123.6911576,1744146123.73051,0.0393524169921875
3261,1744146123.6951962,1744146123.7350035,0.03980731964111328
3262,1744146123.698744,1744146123.7421143,0.04337024688720703
3263,1744146123.701657,1744146123.7441287,0.04247164726257324
3264,1744146123.7028916,1744146123.7393293,0.0364377498626709
3265,1744146123.7068896,1744146123.7412386,0.03434896469116211
3266,1744146123.7119808,1744146123.7531161,0.041135311126708984
3267,1744146123.713606,1744146123.7576199,0.04401373863220215
3268,1744146123.7211719,1744146123.7540352,0.03286337852478027
3269,1744146123.7254863,1744146123.76676,0.04127383232116699
3270,1744146123.7305648,1744146123.772577,0.04201221466064453
3271,1744146123.7350428,1744146123.7742283,0.039185523986816406
3272,1744146123.7393768,1744146123.7839682,0.044591426849365234
3273,1744146123.7412937,1744146123.779111,0.03781723976135254
3274,1744146123.7421536,1744146123.783023,0.04086947441101074
3275,1744146123.7441702,1744146123.7808125,0.03664231300354004
3276,1744146123.7531652,1744146123.7973616,0.044196367263793945
3277,1744146123.7540774,1744146123.7920923,0.038014888763427734
3278,1744146123.7576623,1744146123.7919807,0.03431844711303711
3279,1744146123.7668312,1744146123.8022091,0.03537797927856445
3280,1744146123.7726257,1744146123.8105154,0.037889719009399414
3281,1744146123.7742772,1744146123.8147128,0.0404355525970459
3282,1744146123.7791638,1744146123.8211489,0.04198503494262695
3283,1744146123.7808545,1744146123.8211083,0.04025387763977051
3284,1744146123.7830641,1744146123.8205957,0.03753161430358887
3285,1744146123.7840335,1744146123.8224883,0.03845477104187012
3286,1744146123.7921572,1744146123.825621,0.03346371650695801
3287,1744146123.7923355,1744146123.8249671,0.032631635665893555
3288,1744146123.7974482,1744146123.8304043,0.03295612335205078
3289,1744146123.8022668,1744146123.8346121,0.03234529495239258
3290,1744146123.810569,1744146123.845516,0.03494691848754883
3291,1744146123.8147705,1744146123.8591537,0.04438328742980957
3292,1744146123.8206475,1744146123.8563776,0.03573012351989746
3293,1744146123.8211768,1744146123.8657472,0.0445704460144043
3294,1744146123.8212762,1744146123.8616426,0.040366411209106445
3295,1744146123.8225195,1744146123.863318,0.04079842567443848
3296,1744146123.824999,1744146123.8642166,0.039217472076416016
3297,1744146123.8256886,1744146123.8686137,0.042925119400024414
3298,1744146123.8304656,1744146123.8726149,0.04214930534362793
3299,1744146123.8346756,1744146123.8771327,0.04245710372924805
3300,1744146123.8455806,1744146123.8850958,0.03951525688171387
3301,1744146123.8564203,1744146123.893827,0.03740668296813965
3302,1744146123.8591874,1744146123.902175,0.04298758506774902
3303,1744146123.8616974,1744146123.899127,0.0374295711517334
3304,1744146123.8633506,1744146123.900747,0.03739643096923828
3305,1744146123.8642476,1744146123.899896,0.035648345947265625
3306,1744146123.8657758,1744146123.903878,0.038102149963378906
3307,1744146123.8686488,1744146123.905941,0.0372922420501709
3308,1744146123.8726523,1744146123.9064288,0.03377652168273926
3309,1744146123.8771694,1744146123.9086328,0.0314633846282959
3310,1744146123.8851418,1744146123.9212914,0.03614950180053711
3311,1744146123.893879,1744146123.9293065,0.03542757034301758
3312,1744146123.8991807,1744146123.9391544,0.03997373580932617
3313,1744146123.899962,1744146123.93861,0.038648128509521484
3314,1744146123.9007998,1744146123.948389,0.04758930206298828
3315,1744146123.9022105,1744146123.945485,0.043274641036987305
3316,1744146123.9039516,1744146123.9489813,0.045029640197753906
3317,1744146123.9060168,1744146123.9472594,0.04124259948730469
3318,1744146123.9064698,1744146123.952144,0.04567408561706543
3319,1744146123.9086764,1744146123.955124,0.0464475154876709
3320,1744146123.9213803,1744146123.9629867,0.04160642623901367
3321,1744146123.9294126,1744146123.9682705,0.03885793685913086
3322,1744146123.938668,1744146123.976992,0.03832387924194336
3323,1744146123.9392016,1744146123.9822602,0.04305863380432129
3324,1744146123.9455764,1744146123.9876826,0.04210615158081055
3325,1744146123.9473455,1744146123.9949856,0.047640085220336914
3326,1744146123.9484375,1744146123.9925127,0.04407525062561035
3327,1744146123.949011,1744146123.9931543,0.0441431999206543
3328,1744146123.9521973,1744146123.989652,0.03745460510253906
3329,1744146123.9551806,1744146123.9991941,0.04401350021362305
3330,1744146123.9630332,1744146124.0067184,0.043685197830200195
3331,1744146123.9683137,1744146124.011734,0.04342031478881836
3332,1744146123.9770296,1744146124.0184906,0.04146099090576172
3333,1744146123.9822974,1744146124.015536,0.03323864936828613
3334,1744146123.9877234,1744146124.028209,0.04048562049865723
3335,1744146123.9897242,1744146124.0239422,0.03421807289123535
3336,1744146123.9925473,1744146124.0337415,0.04119420051574707
3337,1744146123.993186,1744146124.0369782,0.0437922477722168
3338,1744146123.9950163,1744146124.0337074,0.038691043853759766
3339,1744146123.999224,1744146124.0387373,0.039513349533081055
3340,1744146124.0067494,1744146124.0398724,0.033123016357421875
3341,1744146124.0117652,1744146124.0529504,0.04118514060974121
3342,1744146124.0155668,1744146124.0473616,0.03179478645324707
3343,1744146124.0185242,1744146124.0565104,0.03798627853393555
3344,1744146124.023974,1744146124.0669029,0.04292893409729004
3345,1744146124.028237,1744146124.0708146,0.042577505111694336
3346,1744146124.0337641,1744146124.0743306,0.040566444396972656
3347,1744146124.033834,1744146124.0766206,0.042786598205566406
3348,1744146124.0370204,1744146124.0724988,0.03547835350036621
3349,1744146124.0387824,1744146124.07639,0.037607669830322266
3350,1744146124.039906,1744146124.0789816,0.039075613021850586
3351,1744146124.0473962,1744146124.0815477,0.034151554107666016
3352,1744146124.0529838,1744146124.0840962,0.0311124324798584
3353,1744146124.0566232,1744146124.0883386,0.03171539306640625
3354,1744146124.067078,1744146124.1070995,0.040021419525146484
3355,1744146124.0709696,1744146124.1096644,0.03869485855102539
3356,1744146124.072673,1744146124.1084392,0.0357661247253418
3357,1744146124.0745108,1744146124.1109502,0.03643941879272461
3358,1744146124.076783,1744146124.1123888,0.03560590744018555
3359,1744146124.0771065,1744146124.1142695,0.03716301918029785
3360,1744146124.0791218,1744146124.1154227,0.0363008975982666
3361,1744146124.0817218,1744146124.116533,0.03481125831604004
3362,1744146124.0842164,1744146124.1177711,0.033554792404174805
3363,1744146124.088467,1744146124.1196675,0.031200647354125977
3364,1744146124.1072574,1744146124.1372893,0.030031919479370117
3365,1744146124.108569,1744146124.143923,0.0353541374206543
3366,1744146124.1098583,1744146124.1474926,0.03763437271118164
3367,1744146124.1110978,1744146124.1520424,0.040944576263427734
3368,1744146124.112515,1744146124.1543736,0.041858673095703125
3369,1744146124.1144288,1744146124.1605537,0.046124935150146484
3370,1744146124.11558,1744146124.1572273,0.04164719581604004
3371,1744146124.116626,1744146124.1544983,0.037872314453125
3372,1744146124.1178875,1744146124.1670146,0.04912710189819336
3373,1744146124.119799,1744146124.162535,0.042736053466796875
3374,1744146124.1374304,1744146124.1745412,0.03711080551147461
3375,1744146124.144035,1744146124.181052,0.037016868591308594
3376,1744146124.147645,1744146124.1849911,0.03734612464904785
3377,1744146124.152171,1744146124.191055,0.03888416290283203
3378,1744146124.154626,1744146124.1901202,0.035494327545166016
3379,1744146124.1548972,1744146124.1931052,0.0382080078125
3380,1744146124.1573725,1744146124.2007005,0.043328046798706055
3381,1744146124.160682,1744146124.1995952,0.03891324996948242
3382,1744146124.162666,1744146124.2024107,0.03974461555480957
3383,1744146124.1671462,1744146124.2076542,0.04050803184509277
3384,1744146124.1746619,1744146124.215151,0.04048919677734375
3385,1744146124.181191,1744146124.2225304,0.04133939743041992
3386,1744146124.18512,1744146124.2255042,0.04038405418395996
3387,1744146124.190219,1744146124.2236323,0.03341341018676758
3388,1744146124.191174,1744146124.2315836,0.04040956497192383
3389,1744146124.1931777,1744146124.236249,0.04307126998901367
3390,1744146124.199695,1744146124.234222,0.034526824951171875
3391,1744146124.200783,1744146124.2452297,0.044446706771850586
3392,1744146124.202494,1744146124.2424123,0.03991842269897461
3393,1744146124.2077365,1744146124.2512853,0.0435488224029541
3394,1744146124.2152343,1744146124.2582545,0.04302024841308594
3395,1744146124.2226105,1744146124.262275,0.039664506912231445
3396,1744146124.2237413,1744146124.2643034,0.04056215286254883
3397,1744146124.225577,1744146124.2691486,0.04357147216796875
3398,1744146124.2317278,1744146124.2702963,0.03856849670410156
3399,1744146124.2343426,1744146124.2745395,0.040196895599365234
3400,1744146124.2363713,1744146124.2711754,0.03480410575866699
3401,1744146124.2425218,1744146124.283142,0.04062032699584961
3402,1744146124.245323,1744146124.2906122,0.04528927803039551
3403,1744146124.251338,1744146124.293115,0.04177689552307129
3404,1744146124.2583137,1744146124.2925766,0.034262895584106445
3405,1744146124.2623212,1744146124.304186,0.041864871978759766
3406,1744146124.2643452,1744146124.3011174,0.03677225112915039
3407,1744146124.2692113,1744146124.3113132,0.04210186004638672
3408,1744146124.270342,1744146124.3093047,0.038962602615356445
3409,1744146124.2712185,1744146124.3084354,0.037216901779174805
3410,1744146124.2745957,1744146124.3194125,0.04481673240661621
3411,1744146124.283197,1744146124.324698,0.04150104522705078
3412,1744146124.2906663,1744146124.333195,0.042528629302978516
3413,1744146124.2926235,1744146124.3383224,0.04569888114929199
3414,1744146124.2931614,1744146124.3290493,0.035887956619262695
3415,1744146124.3011732,1744146124.3457375,0.044564247131347656
3416,1744146124.3042355,1744146124.3425894,0.038353919982910156
3417,1744146124.3084893,1744146124.3477142,0.039224863052368164
3418,1744146124.309352,1744146124.3500133,0.04066133499145508
3419,1744146124.3113768,1744146124.3558397,0.04446291923522949
3420,1744146124.3194587,1744146124.3626487,0.04319000244140625
3421,1744146124.324748,1744146124.3616583,0.036910295486450195
3422,1744146124.3290985,1744146124.3697364,0.040637969970703125
3423,1744146124.333244,1744146124.3747807,0.041536569595336914
3424,1744146124.3383725,1744146124.3762152,0.037842750549316406
3425,1744146124.3426383,1744146124.3801088,0.03747057914733887
3426,1744146124.345783,1744146124.387494,0.04171109199523926
3427,1744146124.3477662,1744146124.386241,0.03847479820251465
3428,1744146124.3500834,1744146124.386151,0.03606772422790527
3429,1744146124.355917,1744146124.3959253,0.0400083065032959
3430,1744146124.3617764,1744146124.3981469,0.03637051582336426
3431,1744146124.3627272,1744146124.4041557,0.041428565979003906
3432,1744146124.3698256,1744146124.409096,0.03927040100097656
3433,1744146124.374863,1744146124.4101403,0.035277366638183594
3434,1744146124.376294,1744146124.4111278,0.03483390808105469
3435,1744146124.3801913,1744146124.4145331,0.03434181213378906
3436,1744146124.3863049,1744146124.4270172,0.04071235656738281
3437,1744146124.386473,1744146124.4328682,0.046395301818847656
3438,1744146124.387565,1744146124.4305475,0.04298257827758789
3439,1744146124.396002,1744146124.4299757,0.03397369384765625
3440,1744146124.3982391,1744146124.4314904,0.033251285552978516
3441,1744146124.4042242,1744146124.4385955,0.034371376037597656
3442,1744146124.4091609,1744146124.4396787,0.0305178165435791
3443,1744146124.4102142,1744146124.4492528,0.039038658142089844
3444,1744146124.4112015,1744146124.4460773,0.03487586975097656
3445,1744146124.414607,1744146124.4536333,0.03902626037597656
3446,1744146124.4270892,1744146124.4729912,0.04590201377868652
3447,1744146124.430036,1744146124.4694734,0.039437294006347656
3448,1744146124.4305959,1744146124.4680953,0.037499427795410156
3449,1744146124.4315352,1744146124.476153,0.044617652893066406
3450,1744146124.432914,1744146124.4762208,0.043306827545166016
3451,1744146124.4386482,1744146124.4777627,0.03911447525024414
3452,1744146124.4397137,1744146124.4748,0.03508639335632324
3453,1744146124.4461305,1744146124.4783452,0.03221464157104492
3454,1744146124.449294,1744146124.4820976,0.03280353546142578
3455,1744146124.4536905,1744146124.4850488,0.03135824203491211
3456,1744146124.4681733,1744146124.5015485,0.03337526321411133
3457,1744146124.4695656,1744146124.5083625,0.03879690170288086
3458,1744146124.4730573,1744146124.5037944,0.03073716163635254
3459,1744146124.4748633,1744146124.5073454,0.032482147216796875
3460,1744146124.4762673,1744146124.5174935,0.04122614860534668
3461,1744146124.4763913,1744146124.5247214,0.048330068588256836
3462,1744146124.477822,1744146124.5262666,0.048444509506225586
3463,1744146124.4783993,1744146124.5225663,0.04416704177856445
3464,1744146124.4821584,1744146124.5196905,0.03753209114074707
3465,1744146124.4851108,1744146124.5279908,0.04288005828857422
3466,1744146124.5016136,1744146124.5371249,0.03551125526428223
3467,1744146124.503856,1744146124.5427604,0.038904428482055664
3468,1744146124.5074127,1744146124.5492666,0.041853904724121094
3469,1744146124.508445,1744146124.5448883,0.036443233489990234
3470,1744146124.5176535,1744146124.5535498,0.03589630126953125
3471,1744146124.5198092,1744146124.555883,0.03607368469238281
3472,1744146124.522716,1744146124.5596025,0.03688645362854004
3473,1744146124.5248783,1744146124.5688899,0.044011592864990234
3474,1744146124.5263793,1744146124.5632854,0.03690600395202637
3475,1744146124.5281098,1744146124.5718634,0.043753623962402344
3476,1744146124.5372734,1744146124.5754313,0.03815793991088867
3477,1744146124.5429559,1744146124.5804973,0.03754138946533203
3478,1744146124.5450575,1744146124.5822113,0.03715372085571289
3479,1744146124.5494115,1744146124.5926354,0.04322385787963867
3480,1744146124.5538301,1744146124.5912108,0.03738069534301758
3481,1744146124.5560894,1744146124.594695,0.038605690002441406
3482,1744146124.5597584,1744146124.599501,0.039742469787597656
3483,1744146124.5634093,1744146124.6020975,0.03868818283081055
3484,1744146124.5690098,1744146124.6091743,0.04016447067260742
3485,1744146124.572006,1744146124.6147447,0.04273867607116699
3486,1744146124.5755527,1744146124.618455,0.042902231216430664
3487,1744146124.580649,1744146124.6142926,0.03364372253417969
3488,1744146124.5823686,1744146124.6206958,0.03832721710205078
3489,1744146124.5913427,1744146124.6333582,0.04201555252075195
3490,1744146124.5927694,1744146124.6365242,0.04375481605529785
3491,1744146124.5949519,1744146124.6359031,0.04095125198364258
3492,1744146124.599658,1744146124.6431947,0.04353666305541992
3493,1744146124.6022258,1744146124.6413693,0.03914356231689453
3494,1744146124.6092982,1744146124.643859,0.0345606803894043
3495,1744146124.614333,1744146124.6545126,0.04017972946166992
3496,1744146124.614782,1744146124.658661,0.043878793716430664
3497,1744146124.6184983,1744146124.655341,0.03684258460998535
3498,1744146124.6207352,1744146124.6611657,0.040430545806884766
3499,1744146124.6333995,1744146124.676024,0.042624473571777344
3500,1744146124.6359432,1744146124.6810231,0.045079946517944336
3501,1744146124.6365635,1744146124.6743658,0.03780221939086914
3502,1744146124.6414125,1744146124.6785774,0.037164926528930664
3503,1744146124.643244,1744146124.6791666,0.03592252731323242
3504,1744146124.6439,1744146124.6827796,0.0388796329498291
3505,1744146124.6545725,1744146124.6908138,0.03624129295349121
3506,1744146124.6553807,1744146124.6952014,0.03982067108154297
3507,1744146124.6587002,1744146124.6997383,0.04103803634643555
3508,1744146124.6612084,1744146124.696277,0.035068511962890625
3509,1744146124.6744213,1744146124.718626,0.0442047119140625
3510,1744146124.6760767,1744146124.7168841,0.040807485580444336
3511,1744146124.678619,1744146124.7173967,0.038777828216552734
3512,1744146124.6792061,1744146124.7194216,0.040215492248535156
3513,1744146124.6810832,1744146124.7164383,0.0353550910949707
3514,1744146124.6828232,1744146124.7193508,0.03652763366699219
3515,1744146124.690888,1744146124.721365,0.030477046966552734
3516,1744146124.6952553,1744146124.723618,0.028362751007080078
3517,1744146124.696316,1744146124.724464,0.02814793586730957
3518,1744146124.6997793,1744146124.7257724,0.02599310874938965
3519,1744146124.716488,1744146124.749023,0.03253507614135742
3520,1744146124.7169232,1744146124.7500162,0.03309297561645508
3521,1744146124.7174406,1744146124.7555523,0.03811168670654297
3522,1744146124.718716,1744146124.7589054,0.040189504623413086
3523,1744146124.7195034,1744146124.7662363,0.04673290252685547
3524,1744146124.71964,1744146124.764712,0.045072078704833984
3525,1744146124.721438,1744146124.7678628,0.04642486572265625
3526,1744146124.7237208,1744146124.7709522,0.047231435775756836
3527,1744146124.724526,1744146124.7743666,0.049840688705444336
3528,1744146124.7258337,1744146124.7761154,0.05028176307678223
3529,1744146124.7491055,1744146124.7866607,0.03755521774291992
3530,1744146124.750123,1744146124.7931674,0.043044328689575195
3531,1744146124.7556334,1744146124.7954354,0.03980207443237305
3532,1744146124.7589548,1744146124.7944095,0.035454750061035156
3533,1744146124.764858,1744146124.80389,0.039031982421875
3534,1744146124.7664049,1744146124.8007174,0.03431248664855957
3535,1744146124.7680027,1744146124.8091857,0.0411829948425293
3536,1744146124.7710001,1744146124.808202,0.037201881408691406
3537,1744146124.774439,1744146124.8113835,0.03694438934326172
3538,1744146124.7761579,1744146124.817474,0.04131603240966797
3539,1744146124.78673,1744146124.8257484,0.03901839256286621
3540,1744146124.7932477,1744146124.8365364,0.0432887077331543
3541,1744146124.794468,1744146124.831459,0.036991119384765625
3542,1744146124.7954779,1744146124.8426793,0.04720139503479004
3543,1744146124.800773,1744146124.8403966,0.03962373733520508
3544,1744146124.8039289,1744146124.8414118,0.03748297691345215
3545,1744146124.8082736,1744146124.849268,0.04099440574645996
3546,1744146124.8092334,1744146124.8453968,0.036163330078125
3547,1744146124.811433,1744146124.8467946,0.035361528396606445
3548,1744146124.8175454,1744146124.8582144,0.04066896438598633
3549,1744146124.8257995,1744146124.8635976,0.037798166275024414
3550,1744146124.8314965,1744146124.8732278,0.04173135757446289
3551,1744146124.8365724,1744146124.8781857,0.04161334037780762
3552,1744146124.8404486,1744146124.8833215,0.04287290573120117
3553,1744146124.8414605,1744146124.8787577,0.03729724884033203
3554,1744146124.8427122,1744146124.881199,0.03848671913146973
3555,1744146124.845435,1744146124.8914945,0.046059608459472656
3556,1744146124.8468316,1744146124.8829162,0.036084651947021484
3557,1744146124.8493056,1744146124.8846917,0.035386085510253906
3558,1744146124.858255,1744146124.8970587,0.038803815841674805
3559,1744146124.8636537,1744146124.8991332,0.03547954559326172
3560,1744146124.8732793,1744146124.9127953,0.03951597213745117
3561,1744146124.8782358,1744146124.919592,0.04135608673095703
3562,1744146124.878794,1744146124.9155517,0.036757707595825195
3563,1744146124.8812354,1744146124.9236488,0.04241347312927246
3564,1744146124.8829513,1744146124.92956,0.046608686447143555
3565,1744146124.8833594,1744146124.92208,0.03872060775756836
3566,1744146124.8847413,1744146124.9247286,0.03998732566833496
3567,1744146124.8915272,1744146124.9418492,0.05032205581665039
3568,1744146124.897102,1744146124.9406087,0.043506622314453125
3569,1744146124.899169,1744146124.935496,0.03632712364196777
3570,1744146124.912845,1744146124.9579468,0.04510188102722168
3571,1744146124.9155815,1744146124.9627724,0.04719090461730957
3572,1744146124.9196239,1744146124.9621232,0.04249930381774902
3573,1744146124.9221182,1744146124.962065,0.039946794509887695
3574,1744146124.92368,1744146124.9637861,0.04010605812072754
3575,1744146124.924758,1744146124.964916,0.04015803337097168
3576,1744146124.9295897,1744146124.9662294,0.03663969039916992
3577,1744146124.935528,1744146124.9713356,0.03580760955810547
3578,1744146124.94064,1744146124.9720495,0.031409502029418945
3579,1744146124.941881,1744146124.9720845,0.030203580856323242
3580,1744146124.9579911,1744146124.994139,0.0361478328704834
3581,1744146124.9621735,1744146124.9960177,0.0338442325592041
3582,1744146124.9622767,1744146125.000189,0.03791236877441406
3583,1744146124.962807,1744146125.0010371,0.038230180740356445
3584,1744146124.9638262,1744146125.0065994,0.04277324676513672
3585,1744146124.9649534,1744146125.0112567,0.04630327224731445
3586,1744146124.9662635,1744146125.0078595,0.0415959358215332
3587,1744146124.9713662,1744146125.0132806,0.04191446304321289
3588,1744146124.9721196,1744146125.016756,0.04463648796081543
3589,1744146124.972196,1744146125.013893,0.041696786880493164
3590,1744146124.9941916,1744146125.033945,0.03975343704223633
3591,1744146124.9960613,1744146125.038586,0.04252457618713379
3592,1744146125.00022,1744146125.0332453,0.033025264739990234
3593,1744146125.0010684,1744146125.0407124,0.03964400291442871
3594,1744146125.006628,1744146125.040214,0.03358602523803711
3595,1744146125.0078883,1744146125.0418472,0.03395891189575195
3596,1744146125.0112863,1744146125.0496497,0.03836345672607422
3597,1744146125.013309,1744146125.0506015,0.03729248046875
3598,1744146125.0139213,1744146125.0561514,0.04223012924194336
3599,1744146125.0168455,1744146125.058822,0.0419764518737793
3600,1744146125.0332963,1744146125.0708828,0.03758645057678223
3601,1744146125.0339808,1744146125.0690696,0.03508877754211426
3602,1744146125.0386243,1744146125.081195,0.04257082939147949
3603,1744146125.0402474,1744146125.0763295,0.03608202934265137
3604,1744146125.0407443,1744146125.0781322,0.037387847900390625
3605,1744146125.041879,1744146125.0882816,0.046402692794799805
3606,1744146125.0496993,1744146125.0871673,0.03746795654296875
3607,1744146125.0506313,1744146125.0916078,0.040976524353027344
3608,1744146125.0561829,1744146125.0968451,0.040662288665771484
3609,1744146125.0588536,1744146125.1041565,0.0453028678894043
3610,1744146125.0691028,1744146125.1059754,0.03687262535095215
3611,1744146125.0709133,1744146125.1094306,0.03851723670959473
3612,1744146125.076361,1744146125.1150062,0.038645267486572266
3613,1744146125.0781627,1744146125.1165938,0.03843116760253906
3614,1744146125.0812767,1744146125.1235366,0.042259931564331055
3615,1744146125.0872853,1744146125.1265016,0.03921627998352051
3616,1744146125.0883794,1744146125.1329255,0.04454612731933594
3617,1744146125.0917075,1744146125.128822,0.037114620208740234
3618,1744146125.09702,1744146125.137813,0.04079318046569824
3619,1744146125.1042824,1744146125.1486132,0.04433083534240723
3620,1744146125.1061065,1744146125.1437516,0.03764510154724121
3621,1744146125.109558,1744146125.145384,0.03582596778869629
3622,1744146125.1151276,1744146125.153351,0.0382235050201416
3623,1744146125.1167135,1744146125.154878,0.038164377212524414
3624,1744146125.123658,1744146125.1665943,0.04293632507324219
3625,1744146125.1266396,1744146125.1618571,0.0352175235748291
3626,1744146125.1289542,1744146125.1722572,0.04330301284790039
3627,1744146125.1331093,1744146125.1761339,0.043024539947509766
3628,1744146125.1379688,1744146125.1801054,0.04213666915893555
3629,1744146125.1439006,1744146125.1778963,0.033995628356933594
3630,1744146125.145534,1744146125.1844242,0.03889012336730957
3631,1744146125.1487496,1744146125.1903825,0.041632890701293945
3632,1744146125.1534874,1744146125.1865096,0.033022165298461914
3633,1744146125.1550333,1744146125.1948493,0.03981590270996094
3634,1744146125.1619985,1744146125.207325,0.04532647132873535
3635,1744146125.166752,1744146125.2183926,0.05164051055908203
3636,1744146125.1724267,1744146125.2054758,0.03304910659790039
3637,1744146125.1762738,1744146125.2107189,0.03444504737854004
3638,1744146125.1780534,1744146125.212486,0.03443264961242676
3639,1744146125.180279,1744146125.2159574,0.03567838668823242
3640,1744146125.1846335,1744146125.2161388,0.03150534629821777
3641,1744146125.1866565,1744146125.2218292,0.03517270088195801
3642,1744146125.1905327,1744146125.2301598,0.0396270751953125
3643,1744146125.195043,1744146125.237761,0.042717933654785156
3644,1744146125.20561,1744146125.2443604,0.038750410079956055
3645,1744146125.2074797,1744146125.2470412,0.03956151008605957
3646,1744146125.210882,1744146125.2457533,0.03487133979797363
3647,1744146125.2126184,1744146125.255094,0.04247570037841797
3648,1744146125.2162855,1744146125.2552035,0.03891801834106445
3649,1744146125.2165952,1744146125.263607,0.0470118522644043
3650,1744146125.2185004,1744146125.2524338,0.033933401107788086
3651,1744146125.2219613,1744146125.260162,0.03820085525512695
3652,1744146125.2303488,1744146125.2745042,0.04415535926818848
3653,1744146125.237859,1744146125.2833424,0.04548335075378418
3654,1744146125.2444956,1744146125.2823946,0.037899017333984375
3655,1744146125.2458928,1744146125.284069,0.03817629814147949
3656,1744146125.2471497,1744146125.285127,0.03797721862792969
3657,1744146125.2525373,1744146125.2926302,0.04009294509887695
3658,1744146125.2552779,1744146125.291232,0.03595423698425293
3659,1744146125.255484,1744146125.2939088,0.03842473030090332
3660,1744146125.260264,1744146125.298893,0.03862905502319336
3661,1744146125.263671,1744146125.3023813,0.03871035575866699
3662,1744146125.2746341,1744146125.3133328,0.038698673248291016
3663,1744146125.282479,1744146125.323092,0.04061293601989746
3664,1744146125.2834315,1744146125.3258257,0.042394161224365234
3665,1744146125.2841492,1744146125.3229964,0.03884720802307129
3666,1744146125.2851925,1744146125.3300228,0.044830322265625
3667,1744146125.2913063,1744146125.3306005,0.03929424285888672
3668,1744146125.2927,1744146125.3312838,0.03858375549316406
3669,1744146125.29399,1744146125.3322082,0.03821825981140137
3670,1744146125.2989748,1744146125.3328474,0.03387260437011719
3671,1744146125.3024862,1744146125.3335586,0.031072378158569336
3672,1744146125.3134205,1744146125.3506598,0.03723931312561035
3673,1744146125.3231585,1744146125.3619678,0.03880929946899414
3674,1744146125.3233442,1744146125.3597167,0.03637242317199707
3675,1744146125.3258786,1744146125.3645751,0.0386965274810791
3676,1744146125.3300939,1744146125.3692083,0.03911447525024414
3677,1744146125.330688,1744146125.3671818,0.036493778228759766
3678,1744146125.3313365,1744146125.3711472,0.0398106575012207
3679,1744146125.332298,1744146125.3758843,0.04358625411987305
3680,1744146125.3329198,1744146125.3833404,0.050420522689819336
3681,1744146125.333624,1744146125.3802018,0.04657793045043945
3682,1744146125.3507736,1744146125.3894384,0.038664817810058594
3683,1744146125.3597763,1744146125.4025095,0.042733192443847656
3684,1744146125.3620358,1744146125.3982687,0.036232948303222656
3685,1744146125.364637,1744146125.4046497,0.04001283645629883
3686,1744146125.3672328,1744146125.4088535,0.041620731353759766
3687,1744146125.369281,1744146125.4053469,0.03606581687927246
3688,1744146125.3711956,1744146125.4079957,0.03680014610290527
3689,1744146125.375941,1744146125.4093573,0.0334162712097168
3690,1744146125.3802562,1744146125.4177802,0.03752398490905762
3691,1744146125.3833907,1744146125.4204555,0.03706479072570801
3692,1744146125.3894906,1744146125.425292,0.03580141067504883
3693,1744146125.398323,1744146125.4371223,0.038799285888671875
3694,1744146125.4025905,1744146125.439469,0.03687858581542969
3695,1744146125.4047217,1744146125.4472475,0.0425257682800293
3696,1744146125.4054255,1744146125.4482045,0.042778968811035156
3697,1744146125.4080465,1744146125.4487107,0.0406641960144043
3698,1744146125.4089022,1744146125.4543111,0.04540896415710449
3699,1744146125.409411,1744146125.4473221,0.037911176681518555
3700,1744146125.4178414,1744146125.4562511,0.03840970993041992
3701,1744146125.4205139,1744146125.453026,0.03251218795776367
3702,1744146125.4253542,1744146125.4573123,0.03195810317993164
3703,1744146125.4371884,1744146125.4709334,0.03374505043029785
3704,1744146125.4395485,1744146125.4690697,0.02952122688293457
3705,1744146125.4473772,1744146125.4859912,0.03861403465270996
3706,1744146125.4475079,1744146125.4874055,0.03989768028259277
3707,1744146125.4482872,1744146125.4885566,0.04026937484741211
3708,1744146125.4487877,1744146125.4923527,0.04356503486633301
3709,1744146125.4530761,1744146125.4973226,0.04424643516540527
3710,1744146125.4543574,1744146125.4954221,0.04106473922729492
3711,1744146125.456293,1744146125.4972816,0.04098844528198242
3712,1744146125.4573736,1744146125.5046208,0.04724717140197754
3713,1744146125.4691107,1744146125.50657,0.037459373474121094
3714,1744146125.4709697,1744146125.5001218,0.02915215492248535
3715,1744146125.4860413,1744146125.5269144,0.040873050689697266
3716,1744146125.487456,1744146125.5268097,0.03935360908508301
3717,1744146125.4885955,1744146125.5306504,0.04205489158630371
3718,1744146125.492395,1744146125.5323582,0.0399632453918457
3719,1744146125.4954586,1744146125.5297656,0.034307003021240234
3720,1744146125.497352,1744146125.533934,0.036582231521606445
3721,1744146125.497434,1744146125.5314846,0.034050703048706055
3722,1744146125.5001574,1744146125.5347414,0.03458404541015625
3723,1744146125.5046573,1744146125.535616,0.03095865249633789
3724,1744146125.506603,1744146125.5362375,0.029634475708007812
3725,1744146125.527027,1744146125.566688,0.03966116905212402
3726,1744146125.527238,1744146125.5648549,0.03761696815490723
3727,1744146125.5298452,1744146125.5638278,0.03398251533508301
3728,1744146125.5307786,1744146125.5713239,0.04054522514343262
3729,1744146125.531585,1744146125.568334,0.03674912452697754
3730,1744146125.53245,1744146125.5741777,0.04172778129577637
3731,1744146125.53401,1744146125.573362,0.0393521785736084
3732,1744146125.5348291,1744146125.5801249,0.04529571533203125
3733,1744146125.5357053,1744146125.5781124,0.04240703582763672
3734,1744146125.5363092,1744146125.5887403,0.05243110656738281
3735,1744146125.5639675,1744146125.6017947,0.037827253341674805
3736,1744146125.564928,1744146125.6052139,0.04028582572937012
3737,1744146125.5667613,1744146125.6036692,0.03690791130065918
3738,1744146125.5684087,1744146125.6093183,0.040909528732299805
3739,1744146125.5714173,1744146125.609403,0.03798556327819824
3740,1744146125.5734375,1744146125.611975,0.03853750228881836
3741,1744146125.5742493,1744146125.6110098,0.036760568618774414
3742,1744146125.5781882,1744146125.61704,0.03885173797607422
3743,1744146125.580201,1744146125.6133182,0.03311729431152344
3744,1744146125.5888162,1744146125.627439,0.03862285614013672
3745,1744146125.6018746,1744146125.6364272,0.034552574157714844
3746,1744146125.6037438,1744146125.6387494,0.03500556945800781
3747,1744146125.6053286,1744146125.6447031,0.039374589920043945
3748,1744146125.6094608,1744146125.6460962,0.036635398864746094
3749,1744146125.6096177,1744146125.6535115,0.04389381408691406
3750,1744146125.6110842,1744146125.6560168,0.04493260383605957
3751,1744146125.6120489,1744146125.6574042,0.04535531997680664
3752,1744146125.6134038,1744146125.6540372,0.040633440017700195
3753,1744146125.617078,1744146125.660282,0.04320383071899414
3754,1744146125.627474,1744146125.66961,0.04213595390319824
3755,1744146125.6364598,1744146125.6730673,0.03660750389099121
3756,1744146125.6387773,1744146125.6687636,0.02998638153076172
3757,1744146125.6447475,1744146125.6802256,0.03547811508178711
3758,1744146125.646134,1744146125.6863234,0.040189504623413086
3759,1744146125.65355,1744146125.69371,0.040160179138183594
3760,1744146125.6540737,1744146125.6974485,0.04337477684020996
3761,1744146125.6560543,1744146125.6960924,0.040038108825683594
3762,1744146125.6574657,1744146125.7003064,0.04284071922302246
3763,1744146125.6603384,1744146125.69899,0.03865170478820801
3764,1744146125.6688516,1744146125.7036238,0.03477215766906738
3765,1744146125.6697633,1744146125.7089121,0.039148807525634766
3766,1744146125.673137,1744146125.7050557,0.03191876411437988
3767,1744146125.6803007,1744146125.7145972,0.034296512603759766
3768,1744146125.686395,1744146125.7189865,0.03259158134460449
3769,1744146125.6937885,1744146125.7389078,0.045119285583496094
3770,1744146125.696161,1744146125.7356703,0.03950929641723633
3771,1744146125.69766,1744146125.7409766,0.04331660270690918
3772,1744146125.6991813,1744146125.7438512,0.04466986656188965
3773,1744146125.7004204,1744146125.7373817,0.03696131706237793
3774,1744146125.7037456,1744146125.7407696,0.03702402114868164
3775,1744146125.7052073,1744146125.7440503,0.03884291648864746
3776,1744146125.709025,1744146125.7441673,0.03514242172241211
3777,1744146125.714796,1744146125.747775,0.03297901153564453
3778,1744146125.7191603,1744146125.748545,0.029384613037109375
3779,1744146125.735848,1744146125.756996,0.021147966384887695
3780,1744146125.7375665,1744146125.7715373,0.03397083282470703
3781,1744146125.739161,1744146125.7737372,0.0345761775970459
3782,1744146125.741171,1744146125.7787523,0.037581443786621094
3783,1744146125.7415733,1744146125.7785766,0.037003278732299805
3784,1744146125.74431,1744146125.7846365,0.040326595306396484
3785,1744146125.7446852,1744146125.7878606,0.043175458908081055
3786,1744146125.7450082,1744146125.7924964,0.04748821258544922
3787,1744146125.748078,1744146125.7895825,0.0415043830871582
3788,1744146125.7494328,1744146125.7885869,0.039154052734375
3789,1744146125.7571218,1744146125.7946556,0.03753376007080078
3790,1744146125.77166,1744146125.8145797,0.04291963577270508
3791,1744146125.7738676,1744146125.8087976,0.03492999076843262
3792,1744146125.7788968,1744146125.8116438,0.03274703025817871
3793,1744146125.7792046,1744146125.8168607,0.03765606880187988
3794,1744146125.7847672,1744146125.8273993,0.042632102966308594
3795,1744146125.7879562,1744146125.8227582,0.03480195999145508
3796,1744146125.7886655,1744146125.8349175,0.04625201225280762
3797,1744146125.78966,1744146125.8368542,0.04719424247741699
3798,1744146125.7925694,1744146125.83197,0.039400577545166016
3799,1744146125.7947397,1744146125.8335395,0.03879976272583008
3800,1744146125.8088734,1744146125.8532646,0.04439115524291992
3801,1744146125.8117318,1744146125.852636,0.04090428352355957
3802,1744146125.8146756,1744146125.8575366,0.042860984802246094
3803,1744146125.8169398,1744146125.8552983,0.038358449935913086
3804,1744146125.8228385,1744146125.8611176,0.038279056549072266
3805,1744146125.8274555,1744146125.8635852,0.03612971305847168
3806,1744146125.8320513,1744146125.8738747,0.041823387145996094
3807,1744146125.833604,1744146125.8763633,0.04275918006896973
3808,1744146125.834969,1744146125.8720098,0.03704071044921875
3809,1744146125.836896,1744146125.87697,0.04007411003112793
3810,1744146125.8527002,1744146125.8975873,0.04488706588745117
3811,1744146125.853305,1744146125.8900893,0.03678417205810547
3812,1744146125.8553405,1744146125.8914862,0.036145687103271484
3813,1744146125.857574,1744146125.896747,0.039173126220703125
3814,1744146125.8611574,1744146125.8966615,0.03550410270690918
3815,1744146125.863623,1744146125.898326,0.03470301628112793
3816,1744146125.8720505,1744146125.913949,0.041898488998413086
3817,1744146125.8739119,1744146125.9098618,0.0359499454498291
3818,1744146125.8764005,1744146125.918832,0.04243159294128418
3819,1744146125.8770065,1744146125.914461,0.03745436668395996
3820,1744146125.8901315,1744146125.928716,0.03858447074890137
3821,1744146125.8915312,1744146125.925491,0.03395986557006836
3822,1744146125.8968098,1744146125.9369352,0.040125370025634766
3823,1744146125.8969207,1744146125.9347517,0.03783106803894043
3824,1744146125.8976269,1744146125.938771,0.04114413261413574
3825,1744146125.8983693,1744146125.9456182,0.04724884033203125
3826,1744146125.909916,1744146125.9535365,0.04362058639526367
3827,1744146125.9139974,1744146125.9609654,0.04696798324584961
3828,1744146125.914528,1744146125.954263,0.03973507881164551
3829,1744146125.9188805,1744146125.9564989,0.037618398666381836
3830,1744146125.9255447,1744146125.9726708,0.047126054763793945
3831,1744146125.9287636,1744146125.9699616,0.041198015213012695
3832,1744146125.9347997,1744146125.975858,0.04105830192565918
3833,1744146125.936982,1744146125.980253,0.04327106475830078
3834,1744146125.9388194,1744146125.9812038,0.04238438606262207
3835,1744146125.9456964,1744146125.9866412,0.040944814682006836
3836,1744146125.9535954,1744146125.9916482,0.03805279731750488
3837,1744146125.954313,1744146125.9948902,0.04057717323303223
3838,1744146125.9565754,1744146126.000518,0.04394268989562988
3839,1744146125.961015,1744146126.004882,0.04386711120605469
3840,1744146125.9700193,1744146126.0119317,0.04191231727600098
3841,1744146125.9727209,1744146126.009426,0.03670525550842285
3842,1744146125.9759083,1744146126.0185916,0.04268336296081543
3843,1744146125.9803307,1744146126.0178251,0.03749442100524902
3844,1744146125.9812524,1744146126.0208912,0.03963875770568848
3845,1744146125.9867036,1744146126.0205686,0.03386497497558594
3846,1744146125.9917045,1744146126.028428,0.03672361373901367
3847,1744146125.9949462,1744146126.0369065,0.04196023941040039
3848,1744146126.0005739,1744146126.032694,0.0321202278137207
3849,1744146126.0049152,1744146126.042963,0.03804779052734375
3850,1744146126.0094595,1744146126.0512943,0.04183483123779297
3851,1744146126.011964,1744146126.0460784,0.03411436080932617
3852,1744146126.0178597,1744146126.0641954,0.046335697174072266
3853,1744146126.0186238,1744146126.0577693,0.039145469665527344
3854,1744146126.0206013,1744146126.0624592,0.04185795783996582
3855,1744146126.0209212,1744146126.0595765,0.03865528106689453
3856,1744146126.028463,1744146126.0692217,0.04075884819030762
3857,1744146126.0327275,1744146126.071048,0.03832054138183594
3858,1744146126.036942,1744146126.0755966,0.03865456581115723
3859,1744146126.0430048,1744146126.0874174,0.04441261291503906
3860,1744146126.04612,1744146126.0835805,0.0374605655670166
3861,1744146126.0513265,1744146126.09569,0.04436349868774414
3862,1744146126.0578008,1744146126.1033812,0.045580387115478516
3863,1744146126.059615,1744146126.0976632,0.03804826736450195
3864,1744146126.0624902,1744146126.103707,0.04121685028076172
3865,1744146126.064225,1744146126.1040087,0.03978371620178223
3866,1744146126.0692518,1744146126.10295,0.033698320388793945
3867,1744146126.0710795,1744146126.105389,0.03430962562561035
3868,1744146126.0756304,1744146126.1107464,0.035115957260131836
3869,1744146126.0836122,1744146126.1148443,0.031232118606567383
3870,1744146126.0874567,1744146126.1217587,0.0343019962310791
3871,1744146126.0957232,1744146126.1310902,0.03536701202392578
3872,1744146126.0977094,1744146126.1362963,0.03858685493469238
3873,1744146126.1029801,1744146126.1443307,0.041350603103637695
3874,1744146126.1034184,1744146126.1473293,0.043910980224609375
3875,1744146126.1037376,1744146126.146236,0.04249835014343262
3876,1744146126.1040342,1744146126.1432724,0.03923821449279785
3877,1744146126.1054182,1744146126.1455164,0.04009819030761719
3878,1744146126.110782,1744146126.1508598,0.040077924728393555
3879,1744146126.1148744,1744146126.1549747,0.0401003360748291
3880,1744146126.1217892,1744146126.1527936,0.03100442886352539
3881,1744146126.1311722,1744146126.1633515,0.03217935562133789
3882,1744146126.1363816,1744146126.1705806,0.03419899940490723
3883,1744146126.143331,1744146126.1800938,0.03676271438598633
3884,1744146126.1443903,1744146126.1767383,0.032347917556762695
3885,1744146126.1455755,1744146126.1835537,0.037978172302246094
3886,1744146126.146315,1744146126.1846478,0.03833270072937012
3887,1744146126.1474233,1744146126.18909,0.04166674613952637
3888,1744146126.1510696,1744146126.1926246,0.041554927825927734
3889,1744146126.1530228,1744146126.1901047,0.03708195686340332
3890,1744146126.155221,1744146126.1948848,0.03966379165649414
3891,1744146126.1634748,1744146126.1971943,0.033719539642333984
3892,1744146126.1707861,1744146126.1984637,0.027677536010742188
3893,1744146126.17695,1744146126.1995509,0.022600889205932617
3894,1744146126.1802726,1744146126.2007976,0.020524978637695312
3895,1744146126.1836638,1744146126.2017322,0.018068313598632812
