requests         : 100
successes        : 100
total_time       : 0.411176 s
average_time     : 0.004112 s
qps              : 243.20
min              : 0.0208
max              : 0.0603
avg              : 0.0402
std              : 0.0083
