requests         : 20
successes        : 15640
total_time       : 61.939610 s
average_time     : 3.096980 s
qps              : 252.50
min              : 0.0154
max              : 0.1311
avg              : 0.0395
std              : 0.0049
